ratio,run,cluster_acc,cluster_acc_train,best_C,n_cluster
0.1,0,0.6306451612903226,0.7372262773722628,0.1,2
0.2,0,0.6306715063520871,0.6836363636363636,0.001,2
0.30000000000000004,0,0.6338174273858921,0.6585956416464891,0.001,2
0.4,0,0.6396614268440145,0.6436363636363637,0.01,2
0.5,0,0.6269956458635704,0.6555232558139535,0.001,2
0.6,0,0.6243194192377496,0.652542372881356,0.01,2
0.7000000000000001,0,0.6183574879227053,0.6510903426791277,0.001,2
0.8,0,0.6231884057971014,0.6457765667574932,0.01,2
0.9,0,0.6666666666666666,0.6384180790960452,0.01,2
0.1,1,0.5620967741935484,0.5766423357664233,0.001,2
0.2,1,0.6451905626134301,0.6254545454545455,0.001,2
0.30000000000000004,1,0.6452282157676349,0.6319612590799032,0.01,2
0.4,1,0.6408706166868199,0.6418181818181818,0.01,2
0.5,1,0.637155297532656,0.6453488372093024,0.1,2
0.6,1,0.6261343012704175,0.6513317191283293,0.001,2
0.7000000000000001,1,0.6304347826086957,0.6458982346832814,0.01,2
0.8,1,0.6485507246376812,0.6394187102633969,0.01,2
0.9,1,0.6521739130434783,0.6400322841000807,0.01,2
0.1,2,0.6362903225806451,0.6861313868613139,0.001,2
0.2,2,0.6361161524500908,0.6618181818181819,0.01,2
0.30000000000000004,2,0.6358921161825726,0.6537530266343826,0.01,2
0.4,2,0.6348246674727932,0.6509090909090909,0.01,2
0.5,2,0.6313497822931785,0.6511627906976745,0.01,2
0.6,2,0.647912885662432,0.6368038740920097,0.01,2
0.7000000000000001,2,0.678743961352657,0.6251298026998962,0.01,2
0.8,2,0.6884057971014492,0.6294277929155313,0.01,2
0.9,2,0.7028985507246377,0.6343825665859564,0.01,2
0.1,3,0.6435483870967742,0.6204379562043796,0.1,2
0.2,3,0.6388384754990926,0.6509090909090909,0.01,2
0.30000000000000004,3,0.6369294605809128,0.6513317191283293,0.01,2
0.4,3,0.6311970979443773,0.6563636363636364,0.01,2
0.5,3,0.6269956458635704,0.6555232558139535,0.01,2
0.6,3,0.6261343012704175,0.6513317191283293,0.01,2
0.7000000000000001,3,0.6714975845410628,0.6282450674974039,0.01,2
0.8,3,0.6630434782608695,0.6357856494096276,0.01,2
0.9,3,0.6884057971014492,0.6359967715899919,0.01,2
0.1,4,0.635483870967742,0.6934306569343066,0.01,2
0.2,4,0.6306715063520871,0.6836363636363636,0.01,2
0.30000000000000004,4,0.6348547717842323,0.6561743341404358,0.001,2
0.4,4,0.6336154776299879,0.6527272727272727,0.001,2
0.5,4,0.637155297532656,0.6453488372093024,0.01,2
0.6,4,0.6333938294010889,0.6464891041162227,0.001,2
0.7000000000000001,4,0.6328502415458938,0.6448598130841121,0.001,2
0.8,4,0.644927536231884,0.6403269754768393,0.01,2
0.9,4,0.6811594202898551,0.6368038740920097,0.01,2
0.1,5,0.5653225806451613,0.5474452554744526,0.001,2
0.2,5,0.6424682395644283,0.6363636363636364,0.1,2
0.30000000000000004,5,0.6410788381742739,0.6416464891041163,0.001,2
0.4,5,0.6420798065296252,0.64,0.001,2
0.5,5,0.637155297532656,0.6453488372093024,0.01,2
0.6,5,0.6388384754990926,0.6428571428571429,0.01,2
0.7000000000000001,5,0.6256038647342995,0.6479750778816199,0.01,2
0.8,5,0.6123188405797102,0.6485013623978202,0.01,2
0.9,5,0.5797101449275363,0.6481033091202583,0.001,2
0.1,6,0.6379032258064516,0.6715328467153284,0.001,2
0.2,6,0.6388384754990926,0.6509090909090909,0.01,2
0.30000000000000004,6,0.6390041493775933,0.6464891041162227,0.01,2
0.4,6,0.6493349455864571,0.6290909090909091,0.01,2
0.5,6,0.6473149492017417,0.6351744186046512,0.01,2
0.6,6,0.6515426497277677,0.6343825665859564,0.01,2
0.7000000000000001,6,0.644927536231884,0.6396677050882659,0.01,2
0.8,6,0.6702898550724637,0.633969118982743,0.01,2
0.9,6,0.6594202898550725,0.639225181598063,0.01,2
0.1,7,0.6403225806451613,0.6496350364963503,0.001,2
0.2,7,0.6352087114337568,0.6654545454545454,0.001,2
0.30000000000000004,7,0.6421161825726142,0.639225181598063,0.001,2
0.4,7,0.6469165659008465,0.6327272727272727,0.01,2
0.5,7,0.637155297532656,0.6453488372093024,0.001,2
0.6,7,0.6261343012704175,0.6513317191283293,0.001,2
0.7000000000000001,7,0.6400966183574879,0.6417445482866043,0.001,2
0.8,7,0.6268115942028986,0.6448683015440508,0.001,2
0.9,7,0.6376811594202898,0.6416464891041163,0.01,2
0.1,8,0.6395161290322581,0.656934306569343,0.1,2
0.2,8,0.6361161524500908,0.6618181818181819,0.001,2
0.30000000000000004,8,0.6379668049792531,0.648910411622276,0.01,2
0.4,8,0.6336154776299879,0.6527272727272727,0.01,2
0.5,8,0.6357039187227866,0.6468023255813954,0.01,2
0.6,8,0.631578947368421,0.6476997578692494,0.001,2
0.7000000000000001,8,0.6231884057971014,0.6490134994807892,0.01,2
0.8,8,0.6014492753623188,0.6512261580381471,0.01,2
0.9,8,0.6014492753623188,0.645682001614205,0.01,2
0.1,9,0.6419354838709678,0.635036496350365,0.1,2
0.2,9,0.6433756805807622,0.6327272727272727,0.1,2
0.30000000000000004,9,0.6524896265560166,0.6150121065375302,0.1,2
0.4,9,0.6614268440145102,0.610909090909091,0.1,2
0.5,9,0.660377358490566,0.622093023255814,0.01,2
0.6,9,0.6696914700544465,0.6222760290556901,0.1,2
0.7000000000000001,9,0.6570048309178744,0.6344755970924195,0.01,2
0.8,9,0.677536231884058,0.6321525885558583,0.01,2
0.9,9,0.6739130434782609,0.6376109765940274,0.01,2
0.1,0,0.6887096774193548,0.7883211678832117,0.001,4
0.2,0,0.7068965517241379,0.7090909090909091,0.001,4
0.30000000000000004,0,0.700207468879668,0.7239709443099274,0.1,4
0.4,0,0.6977025392986699,0.7218181818181818,0.1,4
0.5,0,0.6952104499274311,0.7194767441860465,0.1,4
0.6,0,0.6751361161524501,0.7288135593220338,0.1,4
0.7000000000000001,0,0.678743961352657,0.719626168224299,0.1,4
0.8,0,0.6920289855072463,0.7111716621253406,1.0,4
0.9,0,0.7028985507246377,0.7078288942695722,0.1,4
0.1,1,0.5620967741935484,0.5766423357664233,0.001,4
0.2,1,0.7023593466424682,0.6836363636363636,0.001,4
0.30000000000000004,1,0.7033195020746889,0.6876513317191283,0.001,4
0.4,1,0.7073760580411125,0.6854545454545454,0.001,4
0.5,1,0.7169811320754716,0.6802325581395349,0.001,4
0.6,1,0.7078039927404719,0.6924939467312349,0.001,4
0.7000000000000001,1,0.7125603864734299,0.6926272066458983,0.001,4
0.8,1,0.7282608695652174,0.7020890099909174,1.0,4
0.9,1,0.6884057971014492,0.6997578692493946,0.001,4
0.1,2,0.6959677419354838,0.7226277372262774,0.001,4
0.2,2,0.7005444646098004,0.6909090909090909,0.001,4
0.30000000000000004,2,0.700207468879668,0.6949152542372882,0.001,4
0.4,2,0.7110036275695284,0.7018181818181818,1.0,4
0.5,2,0.7097242380261248,0.7049418604651163,1.0,4
0.6,2,0.7150635208711433,0.7021791767554479,1.0,4
0.7000000000000001,2,0.717391304347826,0.7030114226375909,1.0,4
0.8,2,0.717391304347826,0.7048138056312443,1.0,4
0.9,2,0.7101449275362319,0.6973365617433414,0.001,4
0.1,3,0.6967741935483871,0.7153284671532847,0.001,4
0.2,3,0.7078039927404719,0.7054545454545454,1.0,4
0.30000000000000004,3,0.7085062240663901,0.7046004842615012,1.0,4
0.4,3,0.6977025392986699,0.7,0.001,4
0.5,3,0.6865021770682148,0.7107558139534884,0.001,4
0.6,3,0.6896551724137931,0.7191283292978208,1.0,4
0.7000000000000001,3,0.7101449275362319,0.6936656282450675,0.001,4
0.8,3,0.7101449275362319,0.695731153496821,0.001,4
0.9,3,0.7681159420289855,0.6908797417271993,0.001,4
0.1,4,0.692741935483871,0.7518248175182481,0.001,4
0.2,4,0.6878402903811253,0.7418181818181818,0.001,4
0.30000000000000004,4,0.696058091286307,0.7046004842615012,0.001,4
0.4,4,0.6904474002418379,0.7109090909090909,0.001,4
0.5,4,0.6981132075471698,0.6991279069767442,0.001,4
0.6,4,0.7005444646098004,0.711864406779661,1.0,4
0.7000000000000001,4,0.7077294685990339,0.7071651090342679,0.1,4
0.8,4,0.7101449275362319,0.695731153496821,0.001,4
0.9,4,0.717391304347826,0.6965294592413237,0.001,4
0.1,5,0.6274193548387097,0.7007299270072993,0.1,4
0.2,5,0.7032667876588021,0.68,0.01,4
0.30000000000000004,5,0.7053941908713693,0.6828087167070218,0.001,4
0.4,5,0.7097944377267231,0.7036363636363636,0.1,4
0.5,5,0.706821480406386,0.7078488372093024,1.0,4
0.6,5,0.7132486388384754,0.6888619854721549,0.001,4
0.7000000000000001,5,0.7101449275362319,0.7061266874350987,0.1,4
0.8,5,0.6956521739130435,0.7102633969118983,1.0,4
0.9,5,0.6521739130434783,0.7134786117836965,1.0,4
0.1,6,0.7048387096774194,0.7299270072992701,1.0,4
0.2,6,0.7032667876588021,0.7236363636363636,0.1,4
0.30000000000000004,6,0.7033195020746889,0.6876513317191283,0.001,4
0.4,6,0.7122128174123338,0.7,1.0,4
0.5,6,0.7082728592162555,0.688953488372093,0.001,4
0.6,6,0.7186932849364791,0.6997578692493946,0.1,4
0.7000000000000001,6,0.7101449275362319,0.7061266874350987,1.0,4
0.8,6,0.7463768115942029,0.6975476839237057,1.0,4
0.9,6,0.7318840579710145,0.6949152542372882,0.001,4
0.1,7,0.7032258064516129,0.7445255474452555,0.1,4
0.2,7,0.7014519056261344,0.730909090909091,0.1,4
0.30000000000000004,7,0.7064315352697096,0.7094430992736077,0.1,4
0.4,7,0.7194679564691656,0.6890909090909091,0.1,4
0.5,7,0.7126269956458636,0.684593023255814,0.001,4
0.6,7,0.7150635208711433,0.6876513317191283,0.001,4
0.7000000000000001,7,0.7053140096618358,0.7082035306334372,0.1,4
0.8,7,0.6920289855072463,0.7111716621253406,0.1,4
0.9,7,0.6884057971014492,0.7094430992736077,1.0,4
0.1,8,0.7,0.6861313868613139,0.001,4
0.2,8,0.7032667876588021,0.7236363636363636,1.0,4
0.30000000000000004,8,0.7043568464730291,0.7142857142857143,1.0,4
0.4,8,0.6989117291414753,0.72,1.0,4
0.5,8,0.6966618287373004,0.7180232558139535,0.1,4
0.6,8,0.691470054446461,0.7179176755447942,0.1,4
0.7000000000000001,8,0.6835748792270532,0.7175493250259606,0.1,4
0.8,8,0.6594202898550725,0.7193460490463215,0.1,4
0.9,8,0.644927536231884,0.7142857142857143,0.1,4
0.1,9,0.6959677419354838,0.7226277372262774,0.001,4
0.2,9,0.6923774954627949,0.7236363636363636,0.001,4
0.30000000000000004,9,0.6970954356846473,0.7021791767554479,0.01,4
0.4,9,0.7073760580411125,0.6854545454545454,0.001,4
0.5,9,0.7111756168359942,0.7034883720930233,1.0,4
0.6,9,0.7168784029038112,0.7009685230024213,1.0,4
0.7000000000000001,9,0.7222222222222222,0.7009345794392523,0.1,4
0.8,9,0.7391304347826086,0.6993642143505904,0.1,4
0.9,9,0.7318840579710145,0.6949152542372882,0.001,4
0.1,0,0.6588709677419354,0.781021897810219,1.0,8
0.2,0,0.662431941923775,0.7054545454545454,0.001,8
0.30000000000000004,0,0.6825726141078838,0.7070217917675545,1.0,8
0.4,0,0.6783555018137848,0.7072727272727273,1.0,8
0.5,0,0.6705370101596516,0.7093023255813954,0.1,8
0.6,0,0.6551724137931034,0.7130750605326877,0.1,8
0.7000000000000001,0,0.6497584541062802,0.7071651090342679,0.1,8
0.8,0,0.6594202898550725,0.6975476839237057,0.1,8
0.9,0,0.6739130434782609,0.6916868442292171,0.1,8
0.1,1,0.6661290322580645,0.6788321167883211,1.0,8
0.2,1,0.6796733212341198,0.7127272727272728,0.1,8
0.30000000000000004,1,0.6721991701244814,0.6682808716707022,0.1,8
0.4,1,0.6892382103990327,0.6818181818181818,1.0,8
0.5,1,0.6937590711175616,0.6787790697674418,1.0,8
0.6,1,0.6932849364791288,0.6815980629539952,1.0,8
0.7000000000000001,1,0.6980676328502415,0.6863966770508827,0.1,8
0.8,1,0.7246376811594203,0.6811989100817438,1.0,8
0.9,1,0.6956521739130435,0.6892655367231638,0.1,8
0.1,2,0.6612903225806451,0.7226277372262774,1.0,8
0.2,2,0.6851179673321234,0.6909090909090909,1.0,8
0.30000000000000004,2,0.6846473029045643,0.6900726392251816,1000.0,8
0.4,2,0.6916565900846433,0.6872727272727273,0.1,8
0.5,2,0.6966618287373004,0.6831395348837209,0.1,8
0.6,2,0.6969147005444646,0.6852300242130751,0.1,8
0.7000000000000001,2,0.7028985507246377,0.6843198338525441,1.0,8
0.8,2,0.7101449275362319,0.6848319709355132,0.1,8
0.9,2,0.7246376811594203,0.6860371267150929,0.1,8
0.1,3,0.6870967741935484,0.7153284671532847,1.0,8
0.2,3,0.6860254083484574,0.7054545454545454,1.0,8
0.30000000000000004,3,0.6846473029045643,0.7021791767554479,1.0,8
0.4,3,0.6577992744860943,0.6909090909090909,0.1,8
0.5,3,0.6763425253991292,0.7034883720930233,1.0,8
0.6,3,0.6660617059891107,0.7058111380145279,0.1,8
0.7000000000000001,3,0.6908212560386473,0.6895119418483905,0.1,8
0.8,3,0.6847826086956522,0.6911898274296094,0.1,8
0.9,3,0.7536231884057971,0.6828087167070218,1.0,8
0.1,4,0.6709677419354839,0.6715328467153284,1.0,8
0.2,4,0.6588021778584392,0.7018181818181818,1.0,8
0.30000000000000004,4,0.696058091286307,0.6755447941888619,1.0,8
0.4,4,0.6698911729141476,0.6727272727272727,0.1,8
0.5,4,0.6966618287373004,0.6831395348837209,1.0,8
0.6,4,0.6860254083484574,0.6924939467312349,0.1,8
0.7000000000000001,4,0.6908212560386473,0.6895119418483905,0.1,8
0.8,4,0.7028985507246377,0.6866485013623979,0.1,8
0.9,4,0.717391304347826,0.6868442292171105,0.1,8
0.1,5,0.5653225806451613,0.5474452554744526,0.001,8
0.2,5,0.6987295825771325,0.6545454545454545,1.0,8
0.30000000000000004,5,0.700207468879668,0.6537530266343826,1.0,8
0.4,5,0.6989117291414753,0.6672727272727272,1.0,8
0.5,5,0.6937590711175616,0.6787790697674418,1.0,8
0.6,5,0.7023593466424682,0.6755447941888619,1.0,8
0.7000000000000001,5,0.6908212560386473,0.6843198338525441,0.1,8
0.8,5,0.6630434782608695,0.6920980926430518,1.0,8
0.9,5,0.717391304347826,0.6868442292171105,0.1,8
0.1,6,0.6846774193548387,0.7007299270072993,1.0,8
0.2,6,0.6869328493647913,0.7018181818181818,0.1,8
0.30000000000000004,6,0.6867219917012448,0.6973365617433414,1.0,8
0.4,6,0.6916565900846433,0.6872727272727273,1.0,8
0.5,6,0.6850507982583455,0.6947674418604651,0.1,8
0.6,6,0.6878402903811253,0.6912832929782082,0.1,8
0.7000000000000001,6,0.6884057971014492,0.6905503634475597,0.1,8
0.8,6,0.717391304347826,0.6830154405086285,0.1,8
0.9,6,0.6884057971014492,0.6900726392251816,0.1,8
0.1,7,0.6887096774193548,0.7007299270072993,1.0,8
0.2,7,0.6842105263157895,0.7127272727272728,0.1,8
0.30000000000000004,7,0.6846473029045643,0.7021791767554479,1.0,8
0.4,7,0.6928657799274486,0.6854545454545454,1.0,8
0.5,7,0.6995645863570392,0.6802325581395349,1.0,8
0.6,7,0.6842105263157895,0.6876513317191283,0.1,8
0.7000000000000001,7,0.6714975845410628,0.6926272066458983,1.0,8
0.8,7,0.677536231884058,0.6930063578564941,0.1,8
0.9,7,0.6884057971014492,0.6900726392251816,0.1,8
0.1,8,0.6838709677419355,0.708029197080292,1.0,8
0.2,8,0.6823956442831216,0.7018181818181818,1.0,8
0.30000000000000004,8,0.6825726141078838,0.6949152542372882,1.0,8
0.4,8,0.6795646916565901,0.6963636363636364,1.0,8
0.5,8,0.6748911465892597,0.6976744186046512,1.0,8
0.6,8,0.6733212341197822,0.6949152542372882,1.0,8
0.7000000000000001,8,0.6666666666666666,0.6947040498442367,1.0,8
0.8,8,0.677536231884058,0.6930063578564941,0.1,8
0.9,8,0.6521739130434783,0.6941081517352704,0.1,8
0.1,9,0.6669354838709678,0.6715328467153284,1.0,8
0.2,9,0.6887477313974592,0.6763636363636364,1.0,8
0.30000000000000004,9,0.6867219917012448,0.6852300242130751,1.0,8
0.4,9,0.694074969770254,0.6836363636363636,1.0,8
0.5,9,0.6952104499274311,0.684593023255814,0.1,8
0.6,9,0.7096188747731398,0.6767554479418886,0.1,8
0.7000000000000001,9,0.717391304347826,0.6780893042575286,0.1,8
0.8,9,0.7355072463768116,0.6784741144414169,0.1,8
0.9,9,0.7536231884057971,0.6828087167070218,0.1,8
0.1,0,0.7169354838709677,0.7664233576642335,1.0,16
0.2,0,0.7141560798548094,0.7527272727272727,0.1,16
0.30000000000000004,0,0.6825726141078838,0.7481840193704601,1.0,16
0.4,0,0.6807738814993954,0.7345454545454545,1.0,16
0.5,0,0.6705370101596516,0.7340116279069767,1.0,16
0.6,0,0.7078039927404719,0.7312348668280871,1.0,16
0.7000000000000001,0,0.7198067632850241,0.7227414330218068,0.1,16
0.8,0,0.7028985507246377,0.7266121707538601,0.1,16
0.9,0,0.6956521739130435,0.7247780468119451,0.1,16
0.1,1,0.6612903225806451,0.7591240875912408,1.0,16
0.2,1,0.7041742286751361,0.7418181818181818,1.0,16
0.30000000000000004,1,0.7022821576763485,0.7336561743341404,1.0,16
0.4,1,0.7013301088270859,0.7272727272727273,1.0,16
0.5,1,0.7314949201741655,0.7122093023255814,0.1,16
0.6,1,0.7368421052631579,0.711864406779661,1.0,16
0.7000000000000001,1,0.7294685990338164,0.7185877466251298,1.0,16
0.8,1,0.7355072463768116,0.7184377838328792,0.1,16
0.9,1,0.7318840579710145,0.7207425343018563,1.0,16
0.1,2,0.707258064516129,0.7372262773722628,1.0,16
0.2,2,0.720508166969147,0.7272727272727273,1.0,16
0.30000000000000004,2,0.7033195020746889,0.7094430992736077,1.0,16
0.4,2,0.727932285368803,0.7127272727272728,1.0,16
0.5,2,0.7285921625544267,0.7151162790697675,1.0,16
0.6,2,0.7368421052631579,0.711864406779661,1.0,16
0.7000000000000001,2,0.7342995169082126,0.7165109034267912,1.0,16
0.8,2,0.7536231884057971,0.7138964577656676,1.0,16
0.9,2,0.7681159420289855,0.7167070217917676,1.0,16
0.1,3,0.6741935483870968,0.7226277372262774,1.0,16
0.2,3,0.6715063520871143,0.7090909090909091,1.0,16
0.30000000000000004,3,0.6846473029045643,0.711864406779661,0.1,16
0.4,3,0.694074969770254,0.72,1.0,16
0.5,3,0.7198838896952104,0.7238372093023255,1.0,16
0.6,3,0.6896551724137931,0.7239709443099274,0.1,16
0.7000000000000001,3,0.7222222222222222,0.7217030114226376,1.0,16
0.8,3,0.7210144927536232,0.7220708446866485,0.1,16
0.9,3,0.7608695652173914,0.7175141242937854,1.0,16
0.1,4,0.5637096774193548,0.5620437956204379,0.001,16
0.2,4,0.6751361161524501,0.7090909090909091,1.0,16
0.30000000000000004,4,0.6877593360995851,0.6755447941888619,0.1,16
0.4,4,0.7363966142684402,0.7,1.0,16
0.5,4,0.7460087082728593,0.6976744186046512,1.0,16
0.6,4,0.7495462794918331,0.7033898305084746,0.1,16
0.7000000000000001,4,0.7536231884057971,0.7082035306334372,0.1,16
0.8,4,0.7753623188405797,0.7084468664850136,1.0,16
0.9,4,0.782608695652174,0.7150928167877321,1.0,16
0.1,5,0.6895161290322581,0.7372262773722628,1.0,16
0.2,5,0.7177858439201452,0.7381818181818182,1.0,16
0.30000000000000004,5,0.7240663900414938,0.7167070217917676,1.0,16
0.4,5,0.7146311970979444,0.7327272727272728,1.0,16
0.5,5,0.7082728592162555,0.7354651162790697,0.1,16
0.6,5,0.7186932849364791,0.7239709443099274,0.1,16
0.7000000000000001,5,0.7053140096618358,0.7289719626168224,0.1,16
0.8,5,0.6884057971014492,0.7302452316076294,0.1,16
0.9,5,0.7101449275362319,0.7231638418079096,1.0,16
0.1,6,0.6580645161290323,0.7153284671532847,0.1,16
0.2,6,0.6969147005444646,0.7381818181818182,1.0,16
0.30000000000000004,6,0.7157676348547718,0.7360774818401937,1.0,16
0.4,6,0.7194679564691656,0.7254545454545455,0.1,16
0.5,6,0.6879535558780842,0.7209302325581395,0.1,16
0.6,6,0.7241379310344828,0.7203389830508474,0.1,16
0.7000000000000001,6,0.7270531400966184,0.719626168224299,1.0,16
0.8,6,0.7572463768115942,0.7129881925522252,1.0,16
0.9,6,0.7246376811594203,0.7215496368038741,1.0,16
0.1,7,0.6838709677419355,0.7007299270072993,1.0,16
0.2,7,0.7196007259528131,0.730909090909091,1.0,16
0.30000000000000004,7,0.7240663900414938,0.7167070217917676,1.0,16
0.4,7,0.7363966142684402,0.7,1.0,16
0.5,7,0.7329462989840348,0.7107558139534884,0.1,16
0.6,7,0.7313974591651543,0.715496368038741,0.1,16
0.7000000000000001,7,0.7246376811594203,0.7206645898234684,0.1,16
0.8,7,0.7028985507246377,0.7266121707538601,0.1,16
0.9,7,0.7536231884057971,0.718321226795803,0.1,16
0.1,8,0.7064516129032258,0.7445255474452555,1.0,16
0.2,8,0.690562613430127,0.730909090909091,1.0,16
0.30000000000000004,8,0.7219917012448133,0.7215496368038741,1.0,16
0.4,8,0.7158403869407497,0.730909090909091,1.0,16
0.5,8,0.7198838896952104,0.7238372093023255,1.0,16
0.6,8,0.7186932849364791,0.7239709443099274,1.0,16
0.7000000000000001,8,0.7053140096618358,0.7289719626168224,1.0,16
0.8,8,0.6884057971014492,0.7302452316076294,0.1,16
0.9,8,0.6956521739130435,0.7247780468119451,0.1,16
0.1,9,0.7209677419354839,0.7299270072992701,1.0,16
0.2,9,0.7132486388384754,0.7563636363636363,1.0,16
0.30000000000000004,9,0.7199170124481328,0.7263922518159807,1.0,16
0.4,9,0.7243047158403869,0.7181818181818181,1000.0,16
0.5,9,0.7242380261248186,0.7194767441860465,1.0,16
0.6,9,0.7259528130671506,0.7191283292978208,1.0,16
0.7000000000000001,9,0.717391304347826,0.7237798546209762,0.1,16
0.8,9,0.7210144927536232,0.7220708446866485,0.1,16
0.9,9,0.717391304347826,0.7223567393058918,0.1,16
0.1,0,0.6701612903225806,0.8540145985401459,1.0,32
0.2,0,0.6969147005444646,0.7818181818181819,0.1,32
0.30000000000000004,0,0.7095435684647303,0.7409200968523002,1.0,32
0.4,0,0.7388149939540508,0.7363636363636363,1.0,32
0.5,0,0.7329462989840348,0.7354651162790697,1.0,32
0.6,0,0.7223230490018149,0.7421307506053268,1.0,32
0.7000000000000001,0,0.7198067632850241,0.7403946002076843,1.0,32
0.8,0,0.7427536231884058,0.7366030881017257,1.0,32
0.9,0,0.7608695652173914,0.7393058918482648,1.0,32
0.1,1,0.6451612903225806,0.8321167883211679,1.0,32
0.2,1,0.6978221415607986,0.8181818181818182,1.0,32
0.30000000000000004,1,0.6991701244813278,0.774818401937046,1.0,32
0.4,1,0.7061668681983071,0.76,1.0,32
0.5,1,0.7242380261248186,0.75,1.0,32
0.6,1,0.7186932849364791,0.7336561743341404,0.1,32
0.7000000000000001,1,0.7294685990338164,0.7466251298026999,1.0,32
0.8,1,0.7427536231884058,0.7411444141689373,1.0,32
0.9,1,0.7028985507246377,0.7457627118644068,1.0,32
0.1,2,0.7169354838709677,0.7956204379562044,1.0,32
0.2,2,0.6932849364791288,0.7818181818181819,1.0,32
0.30000000000000004,2,0.7074688796680498,0.7530266343825666,1.0,32
0.4,2,0.7363966142684402,0.74,1.0,32
0.5,2,0.714078374455733,0.7412790697674418,1.0,32
0.6,2,0.73502722323049,0.738498789346247,1.0,32
0.7000000000000001,2,0.7342995169082126,0.735202492211838,1.0,32
0.8,2,0.7608695652173914,0.7366030881017257,1.0,32
0.9,2,0.7536231884057971,0.7401129943502824,1.0,32
0.1,3,0.714516129032258,0.7737226277372263,1.0,32
0.2,3,0.7132486388384754,0.76,1.0,32
0.30000000000000004,3,0.7116182572614108,0.7723970944309927,1.0,32
0.4,3,0.7110036275695284,0.7618181818181818,1.0,32
0.5,3,0.7169811320754716,0.7572674418604651,1.0,32
0.6,3,0.6950998185117967,0.7493946731234867,0.1,32
0.7000000000000001,3,0.6763285024154589,0.7372793354101765,0.1,32
0.8,3,0.6702898550724637,0.7311534968210718,0.1,32
0.9,3,0.7681159420289855,0.738498789346247,1.0,32
0.1,4,0.6556451612903226,0.7299270072992701,1.0,32
0.2,4,0.6860254083484574,0.7381818181818182,1.0,32
0.30000000000000004,4,0.741701244813278,0.7215496368038741,1.0,32
0.4,4,0.7255139056831923,0.7363636363636363,1.0,32
0.5,4,0.7300435413642961,0.7412790697674418,1.0,32
0.6,4,0.7313974591651543,0.738498789346247,1.0,32
0.7000000000000001,4,0.7222222222222222,0.7414330218068536,1.0,32
0.8,4,0.7282608695652174,0.737511353315168,1.0,32
0.9,4,0.7681159420289855,0.7344632768361582,0.1,32
0.1,5,0.6685483870967742,0.7883211678832117,1.0,32
0.2,5,0.7068965517241379,0.7418181818181818,1.0,32
0.30000000000000004,5,0.6742738589211619,0.7142857142857143,0.1,32
0.4,5,0.6964933494558646,0.7290909090909091,0.1,32
0.5,5,0.6937590711175616,0.751453488372093,1.0,32
0.6,5,0.6842105263157895,0.7481840193704601,0.1,32
0.7000000000000001,5,0.7028985507246377,0.7497403946002077,1.0,32
0.8,5,0.7065217391304348,0.7475022706630337,1.0,32
0.9,5,0.7246376811594203,0.7409200968523002,1.0,32
0.1,6,0.675,0.7664233576642335,1.0,32
0.2,6,0.7041742286751361,0.7672727272727272,1.0,32
0.30000000000000004,6,0.7074688796680498,0.7651331719128329,1.0,32
0.4,6,0.7194679564691656,0.7327272727272728,0.1,32
0.5,6,0.7402031930333817,0.7427325581395349,1.0,32
0.6,6,0.73502722323049,0.738498789346247,1.0,32
0.7000000000000001,6,0.7391304347826086,0.7424714434060229,1.0,32
0.8,6,0.7355072463768116,0.7384196185286104,1.0,32
0.9,6,0.7536231884057971,0.7401129943502824,1.0,32
0.1,7,0.6862903225806452,0.781021897810219,1.0,32
0.2,7,0.6996370235934665,0.7454545454545455,0.1,32
0.30000000000000004,7,0.7064315352697096,0.7288135593220338,1.0,32
0.4,7,0.7448609431680774,0.7072727272727273,1.0,32
0.5,7,0.7532656023222061,0.7136627906976745,1.0,32
0.6,7,0.7513611615245009,0.7215496368038741,1.0,32
0.7000000000000001,7,0.7439613526570048,0.7289719626168224,1.0,32
0.8,7,0.75,0.7366030881017257,1.0,32
0.9,7,0.7681159420289855,0.7360774818401937,1.0,32
0.1,8,0.7040322580645161,0.8029197080291971,1.0,32
0.2,8,0.7105263157894737,0.7781818181818182,1.0,32
0.30000000000000004,8,0.7240663900414938,0.7627118644067796,1.0,32
0.4,8,0.7255139056831923,0.7563636363636363,1.0,32
0.5,8,0.7111756168359942,0.7441860465116279,0.1,32
0.6,8,0.7150635208711433,0.7554479418886199,1.0,32
0.7000000000000001,8,0.7028985507246377,0.7580477673935618,1.0,32
0.8,8,0.6956521739130435,0.7529518619436876,1.0,32
0.9,8,0.7318840579710145,0.7425343018563357,1.0,32
0.1,9,0.6943548387096774,0.781021897810219,1.0,32
0.2,9,0.7032667876588021,0.7890909090909091,1.0,32
0.30000000000000004,9,0.7261410788381742,0.7433414043583535,1.0,32
0.4,9,0.7327690447400241,0.7290909090909091,1.0,32
0.5,9,0.7387518142235123,0.7354651162790697,1.0,32
0.6,9,0.7168784029038112,0.7372881355932204,1.0,32
0.7000000000000001,9,0.7536231884057971,0.7331256490134995,1.0,32
0.8,9,0.7391304347826086,0.7393278837420527,1.0,32
0.9,9,0.7246376811594203,0.7433414043583535,1.0,32
0.1,0,0.7032258064516129,0.9051094890510949,1.0,64
0.2,0,0.7495462794918331,0.850909090909091,0.1,64
0.30000000000000004,0,0.7427385892116183,0.8135593220338984,1.0,64
0.4,0,0.7460701330108828,0.8054545454545454,1.0,64
0.5,0,0.7489114658925979,0.7965116279069767,1.0,64
0.6,0,0.7441016333938294,0.7869249394673123,1.0,64
0.7000000000000001,0,0.7536231884057971,0.778816199376947,1.0,64
0.8,0,0.7753623188405797,0.773841961852861,1.0,64
0.9,0,0.7753623188405797,0.7740112994350282,1.0,64
0.1,1,0.6612903225806451,0.8613138686131386,1.0,64
0.2,1,0.7250453720508166,0.8290909090909091,1.0,64
0.30000000000000004,1,0.7437759336099585,0.7990314769975787,1.0,64
0.4,1,0.7629987908101572,0.7781818181818182,1.0,64
0.5,1,0.7474600870827286,0.7819767441860465,1.0,64
0.6,1,0.7586206896551724,0.7820823244552058,1.0,64
0.7000000000000001,1,0.748792270531401,0.7850467289719626,1.0,64
0.8,1,0.7463768115942029,0.7811080835603996,1.0,64
0.9,1,0.7681159420289855,0.778046811945117,1.0,64
0.1,2,0.6733870967741935,0.8613138686131386,1.0,64
0.2,2,0.7186932849364791,0.8363636363636363,1.0,64
0.30000000000000004,2,0.720954356846473,0.7966101694915254,1.0,64
0.4,2,0.747279322853688,0.78,1.0,64
0.5,2,0.7619738751814223,0.7732558139534884,1.0,64
0.6,2,0.7695099818511797,0.7772397094430993,1.0,64
0.7000000000000001,2,0.7753623188405797,0.7736240913811008,1.0,64
0.8,2,0.7898550724637681,0.773841961852861,1.0,64
0.9,2,0.8043478260869565,0.7740112994350282,1.0,64
0.1,3,0.6693548387096774,0.8540145985401459,1.0,64
0.2,3,0.6960072595281307,0.8327272727272728,1.0,64
0.30000000000000004,3,0.7437759336099585,0.8062953995157385,1.0,64
0.4,3,0.7424425634824667,0.7963636363636364,1.0,64
0.5,3,0.7489114658925979,0.7936046511627907,1.0,64
0.6,3,0.7568058076225045,0.788135593220339,1.0,64
0.7000000000000001,3,0.7560386473429952,0.7798546209761164,1.0,64
0.8,3,0.7644927536231884,0.7801998183469573,1.0,64
0.9,3,0.7681159420289855,0.778046811945117,1.0,64
0.1,4,0.657258064516129,0.8540145985401459,1.0,64
0.2,4,0.7141560798548094,0.8036363636363636,1.0,64
0.30000000000000004,4,0.7323651452282157,0.7917675544794189,1.0,64
0.4,4,0.7400241837968561,0.7963636363636364,1.0,64
0.5,4,0.7402031930333817,0.7848837209302325,1.0,64
0.6,4,0.7259528130671506,0.7820823244552058,1.0,64
0.7000000000000001,4,0.7560386473429952,0.7798546209761164,1.0,64
0.8,4,0.7898550724637681,0.773841961852861,1.0,64
0.9,4,0.7898550724637681,0.7756255044390638,1.0,64
0.1,5,0.6774193548387096,0.8759124087591241,1.0,64
0.2,5,0.7459165154264973,0.8363636363636363,1.0,64
0.30000000000000004,5,0.741701244813278,0.801452784503632,1.0,64
0.4,5,0.747279322853688,0.7854545454545454,1.0,64
0.5,5,0.7518142235123367,0.7892441860465116,1.0,64
0.6,5,0.7404718693284936,0.7929782082324455,1.0,64
0.7000000000000001,5,0.7342995169082126,0.7892004153686397,1.0,64
0.8,5,0.7028985507246377,0.7901907356948229,1.0,64
0.9,5,0.7391304347826086,0.7812752219531881,1.0,64
0.1,6,0.5661290322580645,0.5401459854014599,0.001,64
0.2,6,0.7368421052631579,0.8,1.0,64
0.30000000000000004,6,0.7157676348547718,0.7941888619854721,1.0,64
0.4,6,0.7412333736396615,0.7872727272727272,1.0,64
0.5,6,0.7285921625544267,0.7819767441860465,1.0,64
0.6,6,0.7441016333938294,0.774818401937046,1.0,64
0.7000000000000001,6,0.7536231884057971,0.77466251298027,1.0,64
0.8,6,0.7572463768115942,0.776566757493188,1.0,64
0.9,6,0.7608695652173914,0.7788539144471348,1.0,64
0.1,7,0.6983870967741935,0.8175182481751825,1.0,64
0.2,7,0.7087114337568058,0.8218181818181818,1.0,64
0.30000000000000004,7,0.7261410788381742,0.7893462469733656,1.0,64
0.4,7,0.75453446191052,0.7672727272727272,1.0,64
0.5,7,0.737300435413643,0.7732558139534884,1.0,64
0.6,7,0.7731397459165155,0.7699757869249395,1.0,64
0.7000000000000001,7,0.7946859903381642,0.7653167185877466,1.0,64
0.8,7,0.7789855072463768,0.7729336966394187,1.0,64
0.9,7,0.8333333333333334,0.7707828894269573,1.0,64
0.1,8,0.7274193548387097,0.8832116788321168,1.0,64
0.2,8,0.7005444646098004,0.850909090909091,1.0,64
0.30000000000000004,8,0.7261410788381742,0.8256658595641646,1.0,64
0.4,8,0.7400241837968561,0.8109090909090909,1.0,64
0.5,8,0.7402031930333817,0.8023255813953488,1.0,64
0.6,8,0.7422867513611615,0.7929782082324455,1.0,64
0.7000000000000001,8,0.7198067632850241,0.7954309449636553,1.0,64
0.8,8,0.6920289855072463,0.7983651226158038,1.0,64
0.9,8,0.7101449275362319,0.784503631961259,1.0,64
0.1,9,0.6991935483870968,0.8248175182481752,1.0,64
0.2,9,0.7468239564428312,0.8109090909090909,1.0,64
0.30000000000000004,9,0.7562240663900415,0.801452784503632,1.0,64
0.4,9,0.7569528415961306,0.7890909090909091,1.0,64
0.5,9,0.7561683599419449,0.7892441860465116,1.0,64
0.6,9,0.7549909255898367,0.7869249394673123,1.0,64
0.7000000000000001,9,0.7584541062801933,0.7850467289719626,1.0,64
0.8,9,0.7572463768115942,0.782016348773842,1.0,64
0.9,9,0.7608695652173914,0.7788539144471348,1.0,64
0.1,0,0.6435483870967742,0.9051094890510949,1.0,128
0.2,0,0.721415607985481,0.8545454545454545,100.0,128
0.30000000000000004,0,0.696058091286307,0.8208232445520581,1.0,128
0.4,0,0.6928657799274486,0.7872727272727272,1.0,128
0.5,0,0.7126269956458636,0.7863372093023255,1.0,128
0.6,0,0.7150635208711433,0.7772397094430993,1.0,128
0.7000000000000001,0,0.7246376811594203,0.7684319833852544,1.0,128
0.8,0,0.717391304347826,0.7702089009990918,1.0,128
0.9,0,0.7318840579710145,0.7659402744148507,1.0,128
0.1,1,0.6185483870967742,0.8832116788321168,1.0,128
0.2,1,0.677858439201452,0.8581818181818182,1.0,128
0.30000000000000004,1,0.6701244813278008,0.8038740920096852,1.0,128
0.4,1,0.6844014510278114,0.7945454545454546,1.0,128
0.5,1,0.6821480406386067,0.7906976744186046,1.0,128
0.6,1,0.6969147005444646,0.7736077481840193,1.0,128
0.7000000000000001,1,0.7053140096618358,0.7757009345794392,1.0,128
0.8,1,0.6956521739130435,0.7747502270663034,1.0,128
0.9,1,0.7246376811594203,0.7675544794188862,1.0,128
0.1,2,0.6129032258064516,0.8905109489051095,1.0,128
0.2,2,0.6805807622504537,0.850909090909091,1.0,128
0.30000000000000004,2,0.6690871369294605,0.8062953995157385,1.0,128
0.4,2,0.6686819830713422,0.7909090909090909,1.0,128
0.5,2,0.7053701015965167,0.7790697674418605,1.0,128
0.6,2,0.6969147005444646,0.774818401937046,1.0,128
0.7000000000000001,2,0.7077294685990339,0.7694704049844237,1.0,128
0.8,2,0.7318840579710145,0.7674841053587648,1.0,128
0.9,2,0.7318840579710145,0.7667473769168685,1.0,128
0.1,3,0.6193548387096774,0.9124087591240876,1.0,128
0.2,3,0.6896551724137931,0.8363636363636363,1.0,128
0.30000000000000004,3,0.700207468879668,0.8232445520581114,1.0,128
0.4,3,0.6964933494558646,0.7981818181818182,1.0,128
0.5,3,0.6952104499274311,0.7965116279069767,1.0,128
0.6,3,0.7005444646098004,0.7893462469733656,1.0,128
0.7000000000000001,3,0.6690821256038647,0.7757009345794392,1.0,128
0.8,3,0.7137681159420289,0.7665758401453224,1.0,128
0.9,3,0.7463768115942029,0.7635189669087974,1.0,128
0.1,4,0.6088709677419355,0.8832116788321168,1.0,128
0.2,4,0.6388384754990926,0.8436363636363636,1.0,128
0.30000000000000004,4,0.671161825726141,0.8087167070217918,1.0,128
0.4,4,0.6892382103990327,0.7945454545454546,1.0,128
0.5,4,0.6937590711175616,0.7819767441860465,1.0,128
0.6,4,0.705989110707804,0.774818401937046,1.0,128
0.7000000000000001,4,0.6739130434782609,0.77466251298027,1.0,128
0.8,4,0.6956521739130435,0.7683923705722071,1.0,128
0.9,4,0.6884057971014492,0.768361581920904,1.0,128
0.1,5,0.5653225806451613,0.5474452554744526,0.001,128
0.2,5,0.6442831215970962,0.8218181818181818,1.0,128
0.30000000000000004,5,0.6908713692946058,0.7772397094430993,1.0,128
0.4,5,0.7001209189842805,0.7781818181818182,1.0,128
0.5,5,0.6937590711175616,0.7747093023255814,1.0,128
0.6,5,0.7023593466424682,0.7675544794188862,1.0,128
0.7000000000000001,5,0.7101449275362319,0.7642782969885774,1.0,128
0.8,5,0.6702898550724637,0.7729336966394187,1.0,128
0.9,5,0.6884057971014492,0.7659402744148507,1.0,128
0.1,6,0.6338709677419355,0.9124087591240876,1.0,128
0.2,6,0.647005444646098,0.8472727272727273,1.0,128
0.30000000000000004,6,0.6576763485477178,0.8232445520581114,1.0,128
0.4,6,0.6432889963724304,0.8109090909090909,1.0,128
0.5,6,0.6502177068214804,0.7892441860465116,1.0,128
0.6,6,0.6660617059891107,0.7760290556900726,1.0,128
0.7000000000000001,6,0.7077294685990339,0.7684319833852544,1.0,128
0.8,6,0.7101449275362319,0.7674841053587648,1.0,128
0.9,6,0.7028985507246377,0.7667473769168685,1.0,128
0.1,7,0.6483870967741936,0.9051094890510949,1.0,128
0.2,7,0.647912885662432,0.8654545454545455,1.0,128
0.30000000000000004,7,0.6732365145228216,0.8135593220338984,1.0,128
0.4,7,0.7146311970979444,0.7745454545454545,1.0,128
0.5,7,0.7053701015965167,0.7674418604651163,1.0,128
0.6,7,0.720508166969147,0.7699757869249395,1.0,128
0.7000000000000001,7,0.7246376811594203,0.7642782969885774,1.0,128
0.8,7,0.7318840579710145,0.7602179836512262,1.0,128
0.9,7,0.7753623188405797,0.7610976594027441,1.0,128
0.1,8,0.6346774193548387,0.9051094890510949,1.0,128
0.2,8,0.6424682395644283,0.8254545454545454,1.0,128
0.30000000000000004,8,0.6690871369294605,0.8135593220338984,1.0,128
0.4,8,0.6856106408706167,0.7945454545454546,1.0,128
0.5,8,0.6937590711175616,0.7877906976744186,1.0,128
0.6,8,0.7150635208711433,0.7784503631961259,1.0,128
0.7000000000000001,8,0.7004830917874396,0.7808930425752856,1.0,128
0.8,8,0.6811594202898551,0.7811080835603996,1.0,128
0.9,8,0.6884057971014492,0.7699757869249395,1.0,128
0.1,9,0.6217741935483871,0.8759124087591241,1.0,128
0.2,9,0.647005444646098,0.84,1.0,128
0.30000000000000004,9,0.6887966804979253,0.7990314769975787,1.0,128
0.4,9,0.6747279322853688,0.7927272727272727,1.0,128
0.5,9,0.6719883889695211,0.7848837209302325,1.0,128
0.6,9,0.6751361161524501,0.7760290556900726,1.0,128
0.7000000000000001,9,0.717391304347826,0.7715472481827622,1.0,128
0.8,9,0.7101449275362319,0.7674841053587648,1.0,128
0.9,9,0.6884057971014492,0.7659402744148507,1.0,128
0.1,0,0.5709677419354838,0.9343065693430657,1.0,256
0.2,0,0.588929219600726,0.8545454545454545,0.1,256
0.30000000000000004,0,0.5943983402489627,0.8232445520581114,1.0,256
0.4,0,0.5779927448609432,0.7981818181818182,1.0,256
0.5,0,0.5994194484760522,0.7674418604651163,1.0,256
0.6,0,0.5825771324863884,0.7590799031476998,1.0,256
0.7000000000000001,0,0.5966183574879227,0.7445482866043613,1.0,256
0.8,0,0.5579710144927537,0.5649409627611263,0.001,256
0.9,0,0.5797101449275363,0.7328490718321227,1.0,256
0.1,1,0.5620967741935484,0.5766423357664233,0.001,256
0.2,1,0.5725952813067151,0.5272727272727272,0.001,256
0.30000000000000004,1,0.5663900414937759,0.5569007263922519,0.001,256
0.4,1,0.5888754534461911,0.7781818181818182,1.0,256
0.5,1,0.5979680696661829,0.7674418604651163,1.0,256
0.6,1,0.6098003629764065,0.7457627118644068,1.0,256
0.7000000000000001,1,0.5917874396135265,0.5514018691588785,0.001,256
0.8,1,0.5797101449275363,0.7475022706630337,1.0,256
0.9,1,0.5579710144927537,0.7376916868442293,1.0,256
0.1,2,0.567741935483871,0.9343065693430657,1.0,256
0.2,2,0.5671506352087115,0.5490909090909091,0.001,256
0.30000000000000004,2,0.5902489626556017,0.8135593220338984,1.0,256
0.4,2,0.5683192261185006,0.5563636363636364,0.001,256
0.5,2,0.5892597968069666,0.7761627906976745,1.0,256
0.6,2,0.5825771324863884,0.7687651331719129,1.0,256
0.7000000000000001,2,0.5966183574879227,0.7580477673935618,1.0,256
0.8,2,0.6123188405797102,0.740236148955495,1.0,256
0.9,2,0.6304347826086957,0.7296206618240516,1.0,256
0.1,3,0.5645161290322581,0.5547445255474452,0.001,256
0.2,3,0.5544464609800362,0.8618181818181818,1.0,256
0.30000000000000004,3,0.5809128630705395,0.8111380145278451,1.0,256
0.4,3,0.5864570737605804,0.7945454545454546,1.0,256
0.5,3,0.5631349782293179,0.563953488372093,0.001,256
0.6,3,0.5989110707803993,0.7578692493946732,1.0,256
0.7000000000000001,3,0.5555555555555556,0.5669781931464174,0.001,256
0.8,3,0.5905797101449275,0.7411444141689373,1.0,256
0.9,3,0.572463768115942,0.7320419693301049,1.0,256
0.1,4,0.5637096774193548,0.5620437956204379,0.001,256
0.2,4,0.5662431941923775,0.8763636363636363,1.0,256
0.30000000000000004,4,0.5715767634854771,0.5447941888619855,0.001,256
0.4,4,0.5683192261185006,0.8090909090909091,1.0,256
0.5,4,0.5747460087082729,0.5523255813953488,0.001,256
0.6,4,0.5825771324863884,0.5508474576271186,0.001,256
0.7000000000000001,4,0.6086956521739131,0.7424714434060229,1.0,256
0.8,4,0.605072463768116,0.7338782924613987,1.0,256
0.9,4,0.6014492753623188,0.559322033898305,0.001,256
0.1,5,0.5774193548387097,0.927007299270073,1.0,256
0.2,5,0.5698729582577132,0.88,1.0,256
0.30000000000000004,5,0.5757261410788381,0.8305084745762712,1.0,256
0.4,5,0.56590084643289,0.8018181818181818,1.0,256
0.5,5,0.5892597968069666,0.7834302325581395,1.0,256
0.6,5,0.5989110707803993,0.7627118644067796,1.0,256
0.7000000000000001,5,0.5990338164251208,0.754932502596054,1.0,256
0.8,5,0.572463768115942,0.7493188010899182,1.0,256
0.9,5,0.5434782608695652,0.7401129943502824,1.0,256
0.1,6,0.5483870967741935,0.9343065693430657,1.0,256
0.2,6,0.5390199637023594,0.8763636363636363,1.0,256
0.30000000000000004,6,0.5425311203319502,0.8498789346246973,1.0,256
0.4,6,0.5598548972188634,0.8036363636363636,1.0,256
0.5,6,0.555878084179971,0.7965116279069767,1.0,256
0.6,6,0.5626134301270418,0.7808716707021792,1.0,256
0.7000000000000001,6,0.538647342995169,0.7684319833852544,1.0,256
0.8,6,0.5652173913043478,0.7475022706630337,1.0,256
0.9,6,0.5362318840579711,0.7409200968523002,1.0,256
0.1,7,0.5661290322580645,0.5401459854014599,0.001,256
0.2,7,0.5725952813067151,0.5272727272727272,0.001,256
0.30000000000000004,7,0.5902489626556017,0.8184019370460048,1.0,256
0.4,7,0.5755743651753326,0.5454545454545454,0.001,256
0.5,7,0.6066763425253991,0.7645348837209303,1.0,256
0.6,7,0.6134301270417423,0.7530266343825666,1.0,256
0.7000000000000001,7,0.6111111111111112,0.7476635514018691,1.0,256
0.8,7,0.5869565217391305,0.745685740236149,1.0,256
0.9,7,0.6231884057971014,0.7328490718321227,1.0,256
0.1,8,0.5911290322580646,0.8905109489051095,1.0,256
0.2,8,0.5680580762250453,0.5454545454545454,0.001,256
0.30000000000000004,8,0.5663900414937759,0.5569007263922519,0.001,256
0.4,8,0.5828295042321644,0.7872727272727272,1.0,256
0.5,8,0.5660377358490566,0.7703488372093024,1.0,256
0.6,8,0.588021778584392,0.7651331719128329,1.0,256
0.7000000000000001,8,0.6038647342995169,0.7445482866043613,1.0,256
0.8,8,0.6304347826086957,0.7329700272479565,1.0,256
0.9,8,0.6086956521739131,0.7288135593220338,1.0,256
0.1,9,0.5846774193548387,0.948905109489051,1.0,256
0.2,9,0.5698729582577132,0.88,1.0,256
0.30000000000000004,9,0.5591286307053942,0.5738498789346247,0.001,256
0.4,9,0.5671100362756953,0.5581818181818182,0.001,256
0.5,9,0.590711175616836,0.7688953488372093,1.0,256
0.6,9,0.5898366606170599,0.7602905569007264,1.0,256
0.7000000000000001,9,0.6207729468599034,0.7455867082035307,1.0,256
0.8,9,0.5905797101449275,0.7438692098092643,1.0,256
0.9,9,0.5507246376811594,0.7344632768361582,1.0,256
0.1,0,0.5612903225806452,0.583941605839416,0.001,512
0.2,0,0.6270417422867514,0.9418181818181818,0.1,512
0.30000000000000004,0,0.6431535269709544,0.910411622276029,1.0,512
0.4,0,0.6287787182587666,0.8854545454545455,1.0,512
0.5,0,0.6328011611030478,0.8575581395348837,1.0,512
0.6,0,0.6370235934664247,0.8329297820823245,1.0,512
0.7000000000000001,0,0.6304347826086957,0.818276220145379,1.0,512
0.8,0,0.6376811594202898,0.8056312443233424,1.0,512
0.9,0,0.644927536231884,0.7990314769975787,1.0,512
0.1,1,0.5766129032258065,0.9343065693430657,1.0,512
0.2,1,0.6070780399274047,0.9127272727272727,1.0,512
0.30000000000000004,1,0.6078838174273858,0.8789346246973365,1.0,512
0.4,1,0.619105199516324,0.86,1.0,512
0.5,1,0.6284470246734397,0.8357558139534884,1.0,512
0.6,1,0.6333938294010889,0.8256658595641646,1.0,512
0.7000000000000001,1,0.6545893719806763,0.8089304257528557,1.0,512
0.8,1,0.6413043478260869,0.7974568574023615,1.0,512
0.9,1,0.644927536231884,0.7949959644874899,1.0,512
0.1,2,0.5645161290322581,0.5547445255474452,0.001,512
0.2,2,0.6052631578947368,0.9054545454545454,1.0,512
0.30000000000000004,2,0.6172199170124482,0.8958837772397095,1.0,512
0.4,2,0.6142684401451027,0.8727272727272727,1.0,512
0.5,2,0.6284470246734397,0.8343023255813954,1.0,512
0.6,2,0.631578947368421,0.8244552058111381,1.0,512
0.7000000000000001,2,0.6304347826086957,0.8193146417445483,1.0,512
0.8,2,0.644927536231884,0.8065395095367848,1.0,512
0.9,2,0.6594202898550725,0.7974172719935432,1.0,512
0.1,3,0.5645161290322581,0.5547445255474452,0.001,512
0.2,3,0.5989110707803993,0.9272727272727272,1.0,512
0.30000000000000004,3,0.6244813278008299,0.8910411622276029,1.0,512
0.4,3,0.6203143893591294,0.86,1.0,512
0.5,3,0.6240928882438317,0.8473837209302325,1.0,512
0.6,3,0.6352087114337568,0.8305084745762712,1.0,512
0.7000000000000001,3,0.6521739130434783,0.818276220145379,1.0,512
0.8,3,0.6195652173913043,0.8147138964577657,1.0,512
0.9,3,0.6231884057971014,0.8006456820016142,1.0,512
0.1,4,0.582258064516129,0.9708029197080292,1.0,512
0.2,4,0.5934664246823956,0.9272727272727272,1.0,512
0.30000000000000004,4,0.6182572614107884,0.8958837772397095,1.0,512
0.4,4,0.6396614268440145,0.8618181818181818,1.0,512
0.5,4,0.6357039187227866,0.8430232558139535,1.0,512
0.6,4,0.6388384754990926,0.8292978208232445,1.0,512
0.7000000000000001,4,0.6328502415458938,0.8130841121495327,1.0,512
0.8,4,0.6268115942028986,0.8019981834695731,1.0,512
0.9,4,0.6594202898550725,0.7917675544794189,1.0,512
0.1,5,0.5653225806451613,0.5474452554744526,0.001,512
0.2,5,0.5898366606170599,0.9090909090909091,1.0,512
0.30000000000000004,5,0.6078838174273858,0.87409200968523,1.0,512
0.4,5,0.6287787182587666,0.8545454545454545,1.0,512
0.5,5,0.6226415094339622,0.8444767441860465,1.0,512
0.6,5,0.5989110707803993,0.8353510895883777,1.0,512
0.7000000000000001,5,0.642512077294686,0.8203530633437176,1.0,512
0.8,5,0.6557971014492754,0.8083560399636693,1.0,512
0.9,5,0.6666666666666666,0.7974172719935432,1.0,512
0.1,6,0.5661290322580645,0.927007299270073,1.0,512
0.2,6,0.5798548094373865,0.92,1.0,512
0.30000000000000004,6,0.5860995850622407,0.9079903147699758,1.0,512
0.4,6,0.5828295042321644,0.8836363636363637,1.0,512
0.5,6,0.6081277213352685,0.8502906976744186,1.0,512
0.6,6,0.6352087114337568,0.8329297820823245,1.0,512
0.7000000000000001,6,0.644927536231884,0.8172377985462098,1.0,512
0.8,6,0.6521739130434783,0.8029064486830154,1.0,512
0.9,6,0.6811594202898551,0.7941888619854721,1.0,512
0.1,7,0.5951612903225807,0.948905109489051,1.0,512
0.2,7,0.5998185117967332,0.9272727272727272,1.0,512
0.30000000000000004,7,0.6089211618257261,0.8958837772397095,1.0,512
0.4,7,0.6118500604594922,0.8581818181818182,1.0,512
0.5,7,0.6298984034833092,0.8372093023255814,1.0,512
0.6,7,0.6388384754990926,0.8232445520581114,1.0,512
0.7000000000000001,7,0.6400966183574879,0.822429906542056,1.0,512
0.8,7,0.6666666666666666,0.8074477747502271,1.0,512
0.9,7,0.6884057971014492,0.7949959644874899,1.0,512
0.1,8,0.5709677419354838,0.9635036496350365,1.0,512
0.2,8,0.6016333938294011,0.92,1.0,512
0.30000000000000004,8,0.6047717842323651,0.8983050847457628,1.0,512
0.4,8,0.626360338573156,0.8563636363636363,1.0,512
0.5,8,0.6429608127721336,0.8473837209302325,1.0,512
0.6,8,0.6261343012704175,0.8305084745762712,1.0,512
0.7000000000000001,8,0.642512077294686,0.8151609553478713,1.0,512
0.8,8,0.6340579710144928,0.8110808356039964,1.0,512
0.9,8,0.5942028985507246,0.8006456820016142,1.0,512
0.1,9,0.5975806451612903,0.9562043795620438,1.0,512
0.2,9,0.6052631578947368,0.9272727272727272,1.0,512
0.30000000000000004,9,0.6037344398340249,0.8910411622276029,1.0,512
0.4,9,0.6408706166868199,0.8563636363636363,1.0,512
0.5,9,0.6574746008708273,0.8328488372093024,1.0,512
0.6,9,0.6660617059891107,0.8196125907990315,1.0,512
0.7000000000000001,9,0.6618357487922706,0.8058151609553479,1.0,512
0.8,9,0.6702898550724637,0.8019981834695731,1.0,512
0.9,9,0.6159420289855072,0.8006456820016142,1.0,512
0.1,0,0.5612903225806452,0.583941605839416,0.001,1024
0.2,0,0.5780399274047187,0.7927272727272727,0.1,1024
0.30000000000000004,0,0.578838174273859,0.774818401937046,1.0,1024
0.4,0,0.5816203143893591,0.7527272727272727,1.0,1024
0.5,0,0.6008708272859217,0.7427325581395349,1.0,1024
0.6,0,0.5934664246823956,0.7300242130750605,1.0,1024
0.7000000000000001,0,0.5990338164251208,0.7175493250259606,1.0,1024
0.8,0,0.5905797101449275,0.709355131698456,1.0,1024
0.9,0,0.5797101449275363,0.6973365617433414,1.0,1024
0.1,1,0.5620967741935484,0.5766423357664233,0.001,1024
0.2,1,0.5490018148820327,0.7963636363636364,1.0,1024
0.30000000000000004,1,0.5663900414937759,0.5569007263922519,0.001,1024
0.4,1,0.56590084643289,0.56,0.001,1024
0.5,1,0.5674891146589259,0.559593023255814,0.001,1024
0.6,1,0.6007259528130672,0.7046004842615012,1.0,1024
0.7000000000000001,1,0.6014492753623188,0.5991692627206646,0.1,1024
0.8,1,0.5978260869565217,0.6966394187102634,1.0,1024
0.9,1,0.6376811594202898,0.6933010492332526,1.0,1024
0.1,2,0.5645161290322581,0.5547445255474452,0.001,1024
0.2,2,0.5671506352087115,0.5490909090909091,0.001,1024
0.30000000000000004,2,0.6016597510373444,0.7578692493946732,1.0,1024
0.4,2,0.5840386940749698,0.7490909090909091,1.0,1024
0.5,2,0.5761973875181422,0.7296511627906976,1.0,1024
0.6,2,0.5898366606170599,0.7191283292978208,1.0,1024
0.7000000000000001,2,0.5821256038647343,0.7165109034267912,1.0,1024
0.8,2,0.5869565217391305,0.703905540417802,1.0,1024
0.9,2,0.5869565217391305,0.6933010492332526,1.0,1024
0.1,3,0.5911290322580646,0.8759124087591241,1.0,1024
0.2,3,0.5698729582577132,0.8327272727272728,1.0,1024
0.30000000000000004,3,0.5736514522821576,0.7820823244552058,1.0,1024
0.4,3,0.599758162031439,0.76,1.0,1024
0.5,3,0.5950653120464441,0.7325581395348837,1.0,1024
0.6,3,0.6243194192377496,0.7094430992736077,1.0,1024
0.7000000000000001,3,0.5917874396135265,0.7123572170301142,1.0,1024
0.8,3,0.605072463768116,0.6993642143505904,1.0,1024
0.9,3,0.6231884057971014,0.6916868442292171,1.0,1024
0.1,4,0.5580645161290323,0.8759124087591241,1.0,1024
0.2,4,0.5653357531760436,0.5563636363636364,0.001,1024
0.30000000000000004,4,0.5881742738589212,0.7481840193704601,1.0,1024
0.4,4,0.5634824667472793,0.7254545454545455,1.0,1024
0.5,4,0.5979680696661829,0.7165697674418605,1.0,1024
0.6,4,0.5898366606170599,0.7191283292978208,1.0,1024
0.7000000000000001,4,0.5797101449275363,0.7123572170301142,1.0,1024
0.8,4,0.5579710144927537,0.7048138056312443,1.0,1024
0.9,4,0.572463768115942,0.6941081517352704,1.0,1024
0.1,5,0.5741935483870968,0.8759124087591241,1.0,1024
0.2,5,0.5644283121597096,0.56,0.001,1024
0.30000000000000004,5,0.553941908713693,0.7675544794188862,1.0,1024
0.4,5,0.5767835550181378,0.7436363636363637,1.0,1024
0.5,5,0.5761973875181422,0.5508720930232558,0.001,1024
0.6,5,0.5626134301270418,0.711864406779661,1.0,1024
0.7000000000000001,5,0.5942028985507246,0.7050882658359294,1.0,1024
0.8,5,0.6123188405797102,0.701180744777475,1.0,1024
0.9,5,0.5797101449275363,0.6997578692493946,1.0,1024
0.1,6,0.5661290322580645,0.5401459854014599,0.001,1024
0.2,6,0.5680580762250453,0.5454545454545454,0.001,1024
0.30000000000000004,6,0.5840248962655602,0.7699757869249395,1.0,1024
0.4,6,0.5719467956469165,0.7563636363636363,1.0,1024
0.5,6,0.579100145137881,0.7311046511627907,1.0,1024
0.6,6,0.5771324863883848,0.7179176755447942,1.0,1024
0.7000000000000001,6,0.5942028985507246,0.7061266874350987,1.0,1024
0.8,6,0.6304347826086957,0.6939146230699365,1.0,1024
0.9,6,0.6304347826086957,0.6941081517352704,1.0,1024
0.1,7,0.5596774193548387,0.8759124087591241,1.0,1024
0.2,7,0.5834845735027223,0.8109090909090909,1.0,1024
0.30000000000000004,7,0.5850622406639004,0.7602905569007264,1.0,1024
0.4,7,0.599758162031439,0.7345454545454545,1.0,1024
0.5,7,0.5979680696661829,0.7252906976744186,1.0,1024
0.6,7,0.6134301270417423,0.7082324455205811,1.0,1024
0.7000000000000001,7,0.6400966183574879,0.6988577362409139,1.0,1024
0.8,7,0.644927536231884,0.6457765667574932,0.1,1024
0.9,7,0.7101449275362319,0.6836158192090396,1.0,1024
0.1,8,0.5653225806451613,0.5474452554744526,0.001,1024
0.2,8,0.5680580762250453,0.5454545454545454,0.001,1024
0.30000000000000004,8,0.5663900414937759,0.5569007263922519,0.001,1024
0.4,8,0.596130592503023,0.7472727272727273,1.0,1024
0.5,8,0.5936139332365747,0.7281976744186046,1.0,1024
0.6,8,0.6025408348457351,0.7191283292978208,1.0,1024
0.7000000000000001,8,0.5942028985507246,0.7144340602284528,1.0,1024
0.8,8,0.572463768115942,0.7048138056312443,1.0,1024
0.9,8,0.5652173913043478,0.6965294592413237,1.0,1024
0.1,9,0.5645161290322581,0.5547445255474452,0.001,1024
0.2,9,0.5607985480943739,0.5745454545454546,0.001,1024
0.30000000000000004,9,0.5591286307053942,0.5738498789346247,0.001,1024
0.4,9,0.5671100362756953,0.5581818181818182,0.001,1024
0.5,9,0.5645863570391872,0.5625,0.001,1024
0.6,9,0.6025408348457351,0.7058111380145279,1.0,1024
0.7000000000000001,9,0.606280193236715,0.7019730010384216,1.0,1024
0.8,9,0.6159420289855072,0.6939146230699365,1.0,1024
0.9,9,0.572463768115942,0.6981436642453591,1.0,1024
0.1,0,0.6983870967741935,0.9854014598540146,1.0,0
0.2,0,0.7141560798548094,0.8654545454545455,0.1,0
0.30000000000000004,0,0.7282157676348547,0.837772397094431,0.1,0
0.4,0,0.747279322853688,0.9690909090909091,1.0,0
0.5,0,0.7619738751814223,0.8226744186046512,0.1,0
0.6,0,0.7495462794918331,0.8220338983050848,0.1,0
0.7000000000000001,0,0.7681159420289855,0.8276220145379024,0.1,0
0.8,0,0.7717391304347826,0.8256130790190735,0.1,0
0.9,0,0.8043478260869565,0.8288942695722357,0.1,0
0.1,1,0.6862903225806452,1.0,100.0,0
0.2,1,0.7341197822141561,0.9890909090909091,1.0,0
0.30000000000000004,1,0.7271784232365145,0.9757869249394673,1.0,0
0.4,1,0.7448609431680774,0.8381818181818181,0.1,0
0.5,1,0.760522496371553,0.9505813953488372,1.0,0
0.6,1,0.7568058076225045,0.9467312348668281,1.0,0
0.7000000000000001,1,0.7584541062801933,0.940809968847352,1.0,0
0.8,1,0.7862318840579711,0.932788374205268,1.0,0
0.9,1,0.7681159420289855,0.8297013720742534,0.1,0
0.1,2,0.7080645161290322,0.7883211678832117,0.001,0
0.2,2,0.7468239564428312,1.0,10.0,0
0.30000000000000004,2,0.733402489626556,0.9854721549636803,1.0,0
0.4,2,0.7351874244256348,0.9763636363636363,1.0,0
0.5,2,0.7532656023222061,0.8459302325581395,0.1,0
0.6,2,0.7441016333938294,0.9600484261501211,1.0,0
0.7000000000000001,2,0.7705314009661836,0.956386292834891,1.0,0
0.8,2,0.7789855072463768,0.8356039963669392,0.1,0
0.9,2,0.8188405797101449,0.9313962873284907,1.0,0
0.1,3,0.7185483870967742,1.0,10.0,0
0.2,3,0.735934664246824,0.9963636363636363,1.0,0
0.30000000000000004,3,0.7551867219917012,0.8498789346246973,0.1,0
0.4,3,0.7484885126964933,0.8454545454545455,0.1,0
0.5,3,0.7445573294629898,0.9578488372093024,1.0,0
0.6,3,0.7622504537205081,0.9491525423728814,1.0,0
0.7000000000000001,3,0.7463768115942029,0.8276220145379024,0.1,0
0.8,3,0.7753623188405797,0.8319709355131698,0.1,0
0.9,3,0.8260869565217391,0.9281678773204197,1.0,0
0.1,4,0.6806451612903226,1.0,10.0,0
0.2,4,0.6960072595281307,0.9890909090909091,1.0,0
0.30000000000000004,4,0.7022821576763485,0.9975786924939467,100.0,0
0.4,4,0.7327690447400241,0.9672727272727273,1.0,0
0.5,4,0.7518142235123367,0.9622093023255814,1.0,0
0.6,4,0.7568058076225045,0.9527845036319612,1.0,0
0.7000000000000001,4,0.7608695652173914,0.944963655244029,1.0,0
0.8,4,0.7681159420289855,0.9382379654859219,1.0,0
0.9,4,0.7971014492753623,0.8305084745762712,0.1,0
0.1,5,0.6975806451612904,1.0,100.0,0
0.2,5,0.7586206896551724,0.9818181818181818,1.0,0
0.30000000000000004,5,0.7572614107883817,0.9733656174334141,1.0,0
0.4,5,0.7702539298669892,0.8181818181818182,0.1,0
0.5,5,0.7503628447024674,0.9534883720930233,1.0,0
0.6,5,0.7513611615245009,0.9467312348668281,1.0,0
0.7000000000000001,5,0.7439613526570048,0.8317757009345794,0.1,0
0.8,5,0.717391304347826,0.9382379654859219,1.0,0
0.9,5,0.7318840579710145,0.8369652945924132,0.1,0
0.1,6,0.7241935483870968,1.0,100.0,0
0.2,6,0.7332123411978222,1.0,1000.0,0
0.30000000000000004,6,0.754149377593361,0.8547215496368039,0.1,0
0.4,6,0.7557436517533253,0.9690909090909091,1.0,0
0.5,6,0.7518142235123367,0.9636627906976745,1.0,0
0.6,6,0.7658802177858439,0.9600484261501211,1.0,0
0.7000000000000001,6,0.7729468599033816,0.9491173416407062,1.0,0
0.8,6,0.7717391304347826,0.9445958219800181,1.0,0
0.9,6,0.7608695652173914,0.9362389023405973,1.0,0
0.1,7,0.6887096774193548,0.7445255474452555,0.001,0
0.2,7,0.7277676950998185,0.8436363636363636,0.1,0
0.30000000000000004,7,0.758298755186722,0.9757869249394673,1.0,0
0.4,7,0.7593712212817413,0.8218181818181818,0.1,0
0.5,7,0.7634252539912917,0.8328488372093024,0.1,0
0.6,7,0.7568058076225045,0.9455205811138014,1.0,0
0.7000000000000001,7,0.748792270531401,0.940809968847352,1.0,0
0.8,7,0.7644927536231884,0.8265213442325159,0.1,0
0.9,7,0.8188405797101449,0.9233252623083131,1.0,0
0.1,8,0.7354838709677419,0.8905109489051095,0.1,0
0.2,8,0.7540834845735027,0.9818181818181818,1.0,0
0.30000000000000004,8,0.7603734439834025,0.9685230024213075,1.0,0
0.4,8,0.75453446191052,0.9745454545454545,1.0,0
0.5,8,0.7561683599419449,0.9578488372093024,1.0,0
0.6,8,0.7477313974591652,0.8365617433414043,0.1,0
0.7000000000000001,8,0.7367149758454107,0.8390446521287642,0.1,0
0.8,8,0.7101449275362319,0.8410535876475931,0.1,0
0.9,8,0.7246376811594203,0.9281678773204197,1.0,0
0.1,9,0.7443548387096774,0.9927007299270073,1.0,0
0.2,9,0.7450090744101633,0.8727272727272727,0.1,0
0.30000000000000004,9,0.7624481327800829,0.8498789346246973,0.1,0
0.4,9,0.7593712212817413,0.8327272727272728,0.1,0
0.5,9,0.7590711175616836,0.8284883720930233,0.1,0
0.6,9,0.7749546279491834,0.8317191283292978,0.1,0
0.7000000000000001,9,0.7777777777777778,0.8307372793354102,0.1,0
0.8,9,0.7753623188405797,0.9391462306993642,1.0,0
0.9,9,0.7536231884057971,0.9330104923325262,1.0,0
