ratio,run,cluster_acc,cluster_acc_train,best_C,depth
0.1,0,0.7685483870967742,0.7299270072992701,0.1,0
0.2,0,0.7885662431941923,0.8072727272727273,0.1,0
0.30000000000000004,0,0.808091286307054,0.8038740920096852,1.0,0
0.4,0,0.8210399032648126,0.8109090909090909,0.1,0
0.5,0,0.8214804063860668,0.8299418604651163,0.1,0
0.6,0,0.8148820326678766,0.8317191283292978,0.1,0
0.7000000000000001,0,0.8405797101449275,0.8328141225337488,0.1,0
0.8,0,0.822463768115942,0.8319709355131698,1.0,0
0.9,0,0.8260869565217391,0.8337368845843423,0.1,0
0.1,1,0.7677419354838709,0.8102189781021898,0.1,0
0.2,1,0.794010889292196,0.8145454545454546,0.1,0
0.30000000000000004,1,0.808091286307054,0.8135593220338984,1.0,0
0.4,1,0.8403869407496977,0.8090909090909091,0.1,0
0.5,1,0.8330914368650217,0.8197674418604651,0.1,0
0.6,1,0.8348457350272233,0.8256658595641646,0.1,0
0.7000000000000001,1,0.8405797101449275,0.8255451713395638,0.1,0
0.8,1,0.8043478260869565,0.8310626702997275,0.1,0
0.9,1,0.7753623188405797,0.8305084745762712,0.1,0
0.1,2,0.7669354838709678,0.8540145985401459,0.1,0
0.2,2,0.7921960072595281,0.8545454545454545,0.1,0
0.30000000000000004,2,0.8163900414937759,0.8280871670702179,0.1,0
0.4,2,0.8198307134220073,0.8418181818181818,0.1,0
0.5,2,0.8301886792452831,0.8343023255813954,0.1,0
0.6,2,0.8402903811252269,0.8280871670702179,0.1,0
0.7000000000000001,2,0.8478260869565217,0.833852544132918,0.1,0
0.8,2,0.8188405797101449,0.8392370572207084,0.1,0
0.9,2,0.7681159420289855,0.8434221146085553,0.01,0
0.1,3,0.7112903225806452,0.7956204379562044,0.001,0
0.2,3,0.7840290381125227,0.8363636363636363,0.1,0
0.30000000000000004,3,0.7956431535269709,0.8450363196125908,0.1,0
0.4,3,0.8053204353083434,0.8290909090909091,1.0,0
0.5,3,0.8142235123367199,0.8168604651162791,0.01,0
0.6,3,0.8294010889292196,0.8184019370460048,0.1,0
0.7000000000000001,3,0.857487922705314,0.818276220145379,0.1,0
0.8,3,0.8768115942028986,0.8201634877384196,10.0,0
0.9,3,0.8768115942028986,0.8272800645682001,1.0,0
0.1,4,0.7959677419354839,0.8102189781021898,10.0,0
0.2,4,0.809437386569873,0.8109090909090909,10.0,0
0.30000000000000004,4,0.808091286307054,0.8135593220338984,100.0,0
0.4,4,0.8258766626360339,0.8145454545454546,0.1,0
0.5,4,0.8359941944847605,0.813953488372093,1.0,0
0.6,4,0.8275862068965517,0.8341404358353511,0.1,0
0.7000000000000001,4,0.8285024154589372,0.8307372793354102,1.0,0
0.8,4,0.8297101449275363,0.8374205267938238,0.1,0
0.9,4,0.782608695652174,0.83454398708636,0.1,0
0.1,5,0.7637096774193548,0.7956204379562044,1.0,0
0.2,5,0.8112522686025408,0.850909090909091,1.0,0
0.30000000000000004,5,0.8184647302904564,0.8401937046004843,10.0,0
0.4,5,0.8246674727932285,0.8345454545454546,0.1,0
0.5,5,0.8229317851959361,0.8430232558139535,0.1,0
0.6,5,0.8312159709618875,0.8280871670702179,0.1,0
0.7000000000000001,5,0.8091787439613527,0.8359293873312564,0.1,0
0.8,5,0.822463768115942,0.8401453224341507,0.1,0
0.9,5,0.7898550724637681,0.8393866020984665,0.1,0
0.1,6,0.7435483870967742,0.708029197080292,0.01,0
0.2,6,0.8012704174228675,0.7963636363636364,1.0,0
0.30000000000000004,6,0.8070539419087137,0.7796610169491526,10.0,0
0.4,6,0.8282950423216445,0.8163636363636364,0.1,0
0.5,6,0.8301886792452831,0.8284883720930233,0.1,0
0.6,6,0.8166969147005445,0.8232445520581114,10.0,0
0.7000000000000001,6,0.8333333333333334,0.822429906542056,0.1,0
0.8,6,0.8478260869565217,0.8247048138056312,0.1,0
0.9,6,0.8333333333333334,0.8248587570621468,0.1,0
0.1,7,0.7903225806451613,0.8540145985401459,0.1,0
0.2,7,0.8121597096188747,0.8472727272727273,0.1,0
0.30000000000000004,7,0.8236514522821576,0.8111380145278451,0.1,0
0.4,7,0.8307134220072552,0.8490909090909091,0.1,0
0.5,7,0.8142235123367199,0.8531976744186046,0.1,0
0.6,7,0.8257713248638838,0.8353510895883777,0.1,0
0.7000000000000001,7,0.8405797101449275,0.8307372793354102,0.1,0
0.8,7,0.8260869565217391,0.8365122615803815,0.01,0
0.9,7,0.8623188405797102,0.8337368845843423,0.1,0
0.1,8,0.7725806451612903,0.7664233576642335,0.1,0
0.2,8,0.8121597096188747,0.7818181818181819,1.0,0
0.30000000000000004,8,0.8153526970954357,0.8184019370460048,1.0,0
0.4,8,0.8089480048367593,0.8254545454545454,0.1,0
0.5,8,0.8374455732946299,0.8197674418604651,0.1,0
0.6,8,0.822141560798548,0.8244552058111381,0.01,0
0.7000000000000001,8,0.8454106280193237,0.8307372793354102,0.1,0
0.8,8,0.8695652173913043,0.8310626702997275,0.1,0
0.9,8,0.8405797101449275,0.8385794995964487,0.1,0
0.1,9,0.7758064516129032,0.7664233576642335,1.0,0
0.2,9,0.8185117967332124,0.8036363636363636,0.1,0
0.30000000000000004,9,0.8029045643153527,0.7990314769975787,0.01,0
0.4,9,0.8343409915356711,0.8163636363636364,0.1,0
0.5,9,0.8374455732946299,0.8284883720930233,0.1,0
0.6,9,0.8402903811252269,0.8329297820823245,100.0,0
0.7000000000000001,9,0.8502415458937198,0.833852544132918,0.1,0
0.8,9,0.8297101449275363,0.8346957311534968,0.1,0
0.9,9,0.8115942028985508,0.841000807102502,0.1,0
0.1,0,0.7846774193548387,0.7737226277372263,1000.0,1
0.2,0,0.79491833030853,0.8,10.0,1
0.30000000000000004,0,0.8257261410788381,0.8062953995157385,10.0,1
0.4,0,0.8222490931076178,0.8163636363636364,1.0,1
0.5,0,0.8200290275761973,0.8299418604651163,1.0,1
0.6,0,0.8166969147005445,0.8280871670702179,0.1,1
0.7000000000000001,0,0.8405797101449275,0.829698857736241,0.01,1
0.8,0,0.8297101449275363,0.8356039963669392,10.0,1
0.9,0,0.8115942028985508,0.837772397094431,1.0,1
0.1,1,0.7709677419354839,0.7956204379562044,10.0,1
0.2,1,0.7985480943738656,0.8290909090909091,10.0,1
0.30000000000000004,1,0.8184647302904564,0.8208232445520581,10.0,1
0.4,1,0.8319226118500604,0.8054545454545454,0.01,1
0.5,1,0.8330914368650217,0.8284883720930233,1.0,1
0.6,1,0.8275862068965517,0.8268765133171913,1.0,1
0.7000000000000001,1,0.8381642512077294,0.8276220145379024,1.0,1
0.8,1,0.8115942028985508,0.8365122615803815,10.0,1
0.9,1,0.782608695652174,0.8329297820823245,10.0,1
0.1,2,0.7588709677419355,0.8613138686131386,10.0,1
0.2,2,0.7931034482758621,0.8472727272727273,1.0,1
0.30000000000000004,2,0.8101659751037344,0.8353510895883777,1.0,1
0.4,2,0.8222490931076178,0.84,1.0,1
0.5,2,0.8200290275761973,0.8401162790697675,0.1,1
0.6,2,0.8330308529945554,0.8292978208232445,1.0,1
0.7000000000000001,2,0.8454106280193237,0.833852544132918,0.1,1
0.8,2,0.8297101449275363,0.8410535876475931,1.0,1
0.9,2,0.8043478260869565,0.8385794995964487,1.0,1
0.1,3,0.7475806451612903,0.7956204379562044,0.1,1
0.2,3,0.7822141560798548,0.84,0.1,1
0.30000000000000004,3,0.7925311203319502,0.8547215496368039,100.0,1
0.4,3,0.814993954050786,0.8345454545454546,1.0,1
0.5,3,0.8214804063860668,0.8284883720930233,100.0,1
0.6,3,0.8312159709618875,0.8256658595641646,10.0,1
0.7000000000000001,3,0.855072463768116,0.8161993769470405,0.01,1
0.8,3,0.8768115942028986,0.8219800181653043,1.0,1
0.9,3,0.8768115942028986,0.8216303470540759,0.01,1
0.1,4,0.7903225806451613,0.8321167883211679,0.1,1
0.2,4,0.8012704174228675,0.8181818181818182,0.1,1
0.30000000000000004,4,0.8174273858921162,0.8232445520581114,10.0,1
0.4,4,0.8222490931076178,0.8218181818181818,10.0,1
0.5,4,0.8330914368650217,0.8212209302325582,1.0,1
0.6,4,0.8257713248638838,0.8292978208232445,0.1,1
0.7000000000000001,4,0.8309178743961353,0.8328141225337488,0.1,1
0.8,4,0.8297101449275363,0.8392370572207084,1.0,1
0.9,4,0.7753623188405797,0.8385794995964487,10.0,1
0.1,5,0.7725806451612903,0.8029197080291971,1000.0,1
0.2,5,0.8139745916515426,0.8472727272727273,100.0,1
0.30000000000000004,5,0.8174273858921162,0.8450363196125908,1.0,1
0.4,5,0.8246674727932285,0.8345454545454546,0.1,1
0.5,5,0.8113207547169812,0.8386627906976745,0.001,1
0.6,5,0.8330308529945554,0.8317191283292978,1.0,1
0.7000000000000001,5,0.8115942028985508,0.833852544132918,0.1,1
0.8,5,0.8188405797101449,0.8410535876475931,1.0,1
0.9,5,0.7971014492753623,0.8369652945924132,0.1,1
0.1,6,0.792741935483871,0.7445255474452555,10.0,1
0.2,6,0.7994555353901996,0.7963636363636364,0.1,1
0.30000000000000004,6,0.803941908713693,0.7941888619854721,0.001,1
0.4,6,0.8295042321644498,0.8127272727272727,1.0,1
0.5,6,0.8287373004354136,0.8299418604651163,1.0,1
0.6,6,0.8076225045372051,0.8305084745762712,0.01,1
0.7000000000000001,6,0.8357487922705314,0.8203530633437176,10.0,1
0.8,6,0.8478260869565217,0.821071752951862,0.1,1
0.9,6,0.8405797101449275,0.8280871670702179,10.0,1
0.1,7,0.7959677419354839,0.8394160583941606,100.0,1
0.2,7,0.8166969147005445,0.8436363636363636,1.0,1
0.30000000000000004,7,0.8257261410788381,0.8184019370460048,1.0,1
0.4,7,0.8295042321644498,0.8490909090909091,10.0,1
0.5,7,0.8142235123367199,0.8488372093023255,100.0,1
0.6,7,0.8275862068965517,0.8365617433414043,0.1,1
0.7000000000000001,7,0.8429951690821256,0.8317757009345794,1.0,1
0.8,7,0.8333333333333334,0.8319709355131698,1.0,1
0.9,7,0.855072463768116,0.8337368845843423,1.0,1
0.1,8,0.7677419354838709,0.7883211678832117,0.01,1
0.2,8,0.8067150635208712,0.7927272727272727,1.0,1
0.30000000000000004,8,0.8070539419087137,0.8135593220338984,1.0,1
0.4,8,0.81136638452237,0.8272727272727273,0.1,1
0.5,8,0.8301886792452831,0.8168604651162791,0.1,1
0.6,8,0.8348457350272233,0.8147699757869249,0.001,1
0.7000000000000001,8,0.8429951690821256,0.8317757009345794,0.1,1
0.8,8,0.8623188405797102,0.8283378746594006,0.01,1
0.9,8,0.8115942028985508,0.8401937046004843,0.01,1
0.1,9,0.7548387096774194,0.7664233576642335,0.01,1
0.2,9,0.8030852994555354,0.7890909090909091,1.0,1
0.30000000000000004,9,0.8122406639004149,0.7917675544794189,0.1,1
0.4,9,0.8307134220072552,0.8218181818181818,100.0,1
0.5,9,0.8388969521044993,0.8255813953488372,1.0,1
0.6,9,0.8457350272232305,0.8317191283292978,10.0,1
0.7000000000000001,9,0.8454106280193237,0.833852544132918,10.0,1
0.8,9,0.8333333333333334,0.8401453224341507,10.0,1
0.9,9,0.8115942028985508,0.8426150121065376,10.0,1
0.1,0,0.7379032258064516,0.8759124087591241,100.0,2
0.2,0,0.7867513611615246,0.8254545454545454,1.0,2
0.30000000000000004,0,0.8195020746887967,0.8159806295399515,0.001,2
0.4,0,0.8258766626360339,0.8127272727272727,0.001,2
0.5,0,0.8229317851959361,0.8284883720930233,0.001,2
0.6,0,0.8203266787658802,0.8292978208232445,0.001,2
0.7000000000000001,0,0.8357487922705314,0.8286604361370716,0.1,2
0.8,0,0.8333333333333334,0.8328792007266121,0.001,2
0.9,0,0.8115942028985508,0.8385794995964487,10.0,2
0.1,1,0.7201612903225807,0.9635036496350365,1.0,2
0.2,1,0.778584392014519,0.9054545454545454,1000.0,2
0.30000000000000004,1,0.7987551867219918,0.8668280871670703,1.0,2
0.4,1,0.837968561064087,0.8036363636363636,1.0,2
0.5,1,0.8374455732946299,0.8255813953488372,10.0,2
0.6,1,0.8257713248638838,0.8256658595641646,0.001,2
0.7000000000000001,1,0.8333333333333334,0.8234683281412254,0.001,2
0.8,1,0.8152173913043478,0.8337874659400545,1.0,2
0.9,1,0.782608695652174,0.8337368845843423,0.01,2
0.1,2,0.7540322580645161,0.8686131386861314,100.0,2
0.2,2,0.794010889292196,0.8618181818181818,0.01,2
0.30000000000000004,2,0.8122406639004149,0.8329297820823245,0.01,2
0.4,2,0.8258766626360339,0.8381818181818181,0.01,2
0.5,2,0.8301886792452831,0.8386627906976745,0.001,2
0.6,2,0.8348457350272233,0.8232445520581114,0.001,2
0.7000000000000001,2,0.8381642512077294,0.8359293873312564,0.001,2
0.8,2,0.8297101449275363,0.8401453224341507,0.001,2
0.9,2,0.8043478260869565,0.8369652945924132,1.0,2
0.1,3,0.7379032258064516,0.9124087591240876,1.0,2
0.2,3,0.7549909255898367,0.8872727272727273,1.0,2
0.30000000000000004,3,0.7904564315352697,0.8619854721549637,0.001,2
0.4,3,0.8077388149939541,0.8490909090909091,1.0,2
0.5,3,0.8229317851959361,0.8328488372093024,0.1,2
0.6,3,0.8330308529945554,0.8292978208232445,0.001,2
0.7000000000000001,3,0.8647342995169082,0.8193146417445483,0.001,2
0.8,3,0.8768115942028986,0.821071752951862,0.001,2
0.9,3,0.8985507246376812,0.8256658595641646,0.01,2
0.1,4,0.7225806451612903,0.9416058394160584,10.0,2
0.2,4,0.7831215970961888,0.8836363636363637,1.0,2
0.30000000000000004,4,0.7935684647302904,0.8716707021791767,100.0,2
0.4,4,0.8125755743651754,0.8290909090909091,0.01,2
0.5,4,0.8200290275761973,0.8270348837209303,0.001,2
0.6,4,0.8257713248638838,0.8305084745762712,0.1,2
0.7000000000000001,4,0.8285024154589372,0.8348909657320872,0.1,2
0.8,4,0.8260869565217391,0.8383287920072662,0.1,2
0.9,4,0.7753623188405797,0.8418079096045198,0.1,2
0.1,5,0.7322580645161291,0.8905109489051095,100.0,2
0.2,5,0.8130671506352087,0.88,100.0,2
0.30000000000000004,5,0.8153526970954357,0.847457627118644,0.01,2
0.4,5,0.8258766626360339,0.8327272727272728,10.0,2
0.5,5,0.8229317851959361,0.8430232558139535,0.001,2
0.6,5,0.8239564428312159,0.8280871670702179,0.001,2
0.7000000000000001,5,0.8091787439613527,0.8328141225337488,0.001,2
0.8,5,0.8188405797101449,0.8328792007266121,0.001,2
0.9,5,0.782608695652174,0.8361581920903954,10.0,2
0.1,6,0.7814516129032258,0.7883211678832117,0.01,2
0.2,6,0.7840290381125227,0.8545454545454545,100.0,2
0.30000000000000004,6,0.8101659751037344,0.7917675544794189,1.0,2
0.4,6,0.8270858524788391,0.8145454545454546,10.0,2
0.5,6,0.8301886792452831,0.8284883720930233,100.0,2
0.6,6,0.822141560798548,0.8292978208232445,0.001,2
0.7000000000000001,6,0.8333333333333334,0.818276220145379,0.001,2
0.8,6,0.8369565217391305,0.8247048138056312,1.0,2
0.9,6,0.8405797101449275,0.8256658595641646,0.001,2
0.1,7,0.6943548387096774,0.9562043795620438,100.0,2
0.2,7,0.8194192377495463,0.8545454545454545,0.01,2
0.30000000000000004,7,0.8298755186721992,0.8087167070217918,1000.0,2
0.4,7,0.8282950423216445,0.8454545454545455,0.001,2
0.5,7,0.8127721335268505,0.8444767441860465,0.1,2
0.6,7,0.8257713248638838,0.8341404358353511,0.01,2
0.7000000000000001,7,0.8405797101449275,0.8276220145379024,0.001,2
0.8,7,0.8260869565217391,0.8310626702997275,1.0,2
0.9,7,0.855072463768116,0.8329297820823245,0.001,2
0.1,8,0.6991935483870968,0.8832116788321168,10.0,2
0.2,8,0.8176043557168784,0.8036363636363636,0.001,2
0.30000000000000004,8,0.8091286307053942,0.8184019370460048,1.0,2
0.4,8,0.8174123337363967,0.8309090909090909,0.001,2
0.5,8,0.8359941944847605,0.8197674418604651,10.0,2
0.6,8,0.8402903811252269,0.8159806295399515,0.001,2
0.7000000000000001,8,0.8478260869565217,0.8328141225337488,0.001,2
0.8,8,0.8659420289855072,0.8283378746594006,1.0,2
0.9,8,0.8333333333333334,0.83454398708636,0.1,2
0.1,9,0.7782258064516129,0.7956204379562044,0.01,2
0.2,9,0.7994555353901996,0.8072727272727273,0.01,2
0.30000000000000004,9,0.8236514522821576,0.8038740920096852,0.001,2
0.4,9,0.8258766626360339,0.8290909090909091,0.001,2
0.5,9,0.8403483309143687,0.8226744186046512,0.001,2
0.6,9,0.8493647912885662,0.8305084745762712,0.001,2
0.7000000000000001,9,0.8502415458937198,0.8307372793354102,0.001,2
0.8,9,0.8369565217391305,0.8337874659400545,0.001,2
0.9,9,0.8115942028985508,0.841000807102502,0.01,2
