ratio,run,cluster_acc,cluster_acc_train,best_C
0.1,0,0.7838709677419354,0.9708029197080292,0.1
0.2,0,0.8012704174228675,0.8581818181818182,0.01
0.30000000000000004,0,0.8195020746887967,0.8184019370460048,0.001
0.4,0,0.8258766626360339,0.82,0.001
0.5,0,0.8127721335268505,0.9520348837209303,0.1
0.6,0,0.8294010889292196,0.8595641646489104,0.01
0.7000000000000001,0,0.8333333333333334,0.8629283489096573,0.01
0.8,0,0.8188405797101449,0.8673932788374206,0.01
0.9,0,0.8260869565217391,0.8684422921711057,0.01
0.1,1,0.7798387096774193,0.8832116788321168,0.01
0.2,1,0.8021778584392014,0.8727272727272727,0.01
0.30000000000000004,1,0.8143153526970954,0.8329297820823245,0.001
0.4,1,0.8476420798065296,0.8545454545454545,0.01
0.5,1,0.8345428156748912,0.9505813953488372,0.1
0.6,1,0.8402903811252269,0.8656174334140436,0.01
0.7000000000000001,1,0.8357487922705314,0.8629283489096573,0.01
0.8,1,0.8260869565217391,0.8664850136239782,0.01
0.9,1,0.7971014492753623,0.8692493946731235,0.01
0.1,2,0.7862903225806451,1.0,10.0
0.2,2,0.7958257713248639,0.8690909090909091,0.01
0.30000000000000004,2,0.8143153526970954,0.8353510895883777,0.001
0.4,2,0.8307134220072552,0.8636363636363636,0.01
0.5,2,0.8243831640058055,0.9505813953488372,0.1
0.6,2,0.8402903811252269,0.9443099273607748,0.1
0.7000000000000001,2,0.8357487922705314,0.8400830737279336,0.001
0.8,2,0.8369565217391305,0.8428701180744778,0.001
0.9,2,0.8188405797101449,0.8385794995964487,0.001
0.1,3,0.7741935483870968,0.9197080291970803,0.01
0.2,3,0.7894736842105263,0.8618181818181818,0.001
0.30000000000000004,3,0.7914937759336099,0.8692493946731235,0.001
0.4,3,0.8101571946795647,0.8490909090909091,0.001
0.5,3,0.818577648766328,0.8386627906976745,0.001
0.6,3,0.8366606170598911,0.8341404358353511,0.001
0.7000000000000001,3,0.8647342995169082,0.829698857736241,0.001
0.8,3,0.8876811594202898,0.8583106267029973,0.01
0.9,3,0.8913043478260869,0.8305084745762712,0.001
0.1,4,0.7838709677419354,0.9781021897810219,0.1
0.2,4,0.8148820326678766,0.9781818181818182,0.1
0.30000000000000004,4,0.8215767634854771,0.8789346246973365,0.01
0.4,4,0.8270858524788391,0.8618181818181818,0.01
0.5,4,0.8229317851959361,0.8299418604651163,0.001
0.6,4,0.8257713248638838,0.8365617433414043,0.001
0.7000000000000001,4,0.8478260869565217,0.8701973001038421,0.01
0.8,4,0.8405797101449275,0.8719346049046321,0.01
0.9,4,0.7971014492753623,0.8466505246166263,0.001
0.1,5,0.7814516129032258,0.9562043795620438,0.1
0.2,5,0.8176043557168784,0.8981818181818182,0.01
0.30000000000000004,5,0.8236514522821576,0.8765133171912833,0.01
0.4,5,0.8295042321644498,0.8745454545454545,0.01
0.5,5,0.8229317851959361,0.8444767441860465,0.001
0.6,5,0.8294010889292196,0.8571428571428571,0.01
0.7000000000000001,5,0.8236714975845411,0.8670820353063343,0.01
0.8,5,0.822463768115942,0.8428701180744778,0.001
0.9,5,0.7753623188405797,0.8757062146892656,0.01
0.1,6,0.7564516129032258,1.0,10.0
0.2,6,0.7831215970961888,1.0,100.0
0.30000000000000004,6,0.8226141078838174,0.8329297820823245,0.01
0.4,6,0.8210399032648126,0.8236363636363636,0.001
0.5,6,0.8403483309143687,0.8546511627906976,0.01
0.6,6,0.8257713248638838,0.8692493946731235,0.01
0.7000000000000001,6,0.8309178743961353,0.9397715472481828,0.1
0.8,6,0.8405797101449275,0.860127157129882,0.01
0.9,6,0.8405797101449275,0.8627925746569814,0.01
0.1,7,0.7951612903225806,0.9124087591240876,0.01
0.2,7,0.822141560798548,0.8763636363636363,0.01
0.30000000000000004,7,0.8360995850622407,0.8571428571428571,0.01
0.4,7,0.8270858524788391,0.8490909090909091,0.001
0.5,7,0.8214804063860668,0.8546511627906976,0.001
0.6,7,0.8330308529945554,0.8716707021791767,0.01
0.7000000000000001,7,0.8478260869565217,0.833852544132918,0.001
0.8,7,0.8333333333333334,0.8701180744777475,0.01
0.9,7,0.855072463768116,0.8385794995964487,0.001
0.1,8,0.7758064516129032,0.8759124087591241,0.01
0.2,8,0.8212341197822142,0.8109090909090909,0.001
0.30000000000000004,8,0.8101659751037344,0.9685230024213075,0.1
0.4,8,0.8174123337363967,0.8345454545454546,0.001
0.5,8,0.8403483309143687,0.8575581395348837,0.01
0.6,8,0.8421052631578947,0.860774818401937,0.01
0.7000000000000001,8,0.8454106280193237,0.838006230529595,0.001
0.8,8,0.8731884057971014,0.8610354223433242,0.01
0.9,8,0.8405797101449275,0.864406779661017,0.01
0.1,9,0.7935483870967742,0.8540145985401459,0.01
0.2,9,0.8021778584392014,0.8290909090909091,0.01
0.30000000000000004,9,0.8257261410788381,0.8135593220338984,0.001
0.4,9,0.8331318016928658,0.8290909090909091,0.001
0.5,9,0.841799709724238,0.8284883720930233,0.001
0.6,9,0.8493647912885662,0.8365617433414043,0.001
0.7000000000000001,9,0.8526570048309179,0.8369678089304258,0.001
0.8,9,0.8405797101449275,0.8673932788374206,0.01
0.9,9,0.8188405797101449,0.870863599677159,0.01
