ratio,run,cluster_acc,cluster_acc_train,best_C
0.1,0,0.7741935483870968,1.0,100.0
0.2,0,0.7994555353901996,0.8945454545454545,0.01
0.30000000000000004,0,0.8226141078838174,0.9588377723970944,0.1
0.4,0,0.8319226118500604,0.8745454545454545,0.01
0.5,0,0.818577648766328,0.8822674418604651,0.01
0.6,0,0.8203266787658802,0.8886198547215496,0.01
0.7000000000000001,0,0.8333333333333334,0.8847352024922118,0.01
0.8,0,0.8188405797101449,0.8828337874659401,0.01
0.9,0,0.8115942028985508,0.8781275221953188,0.01
0.1,1,0.7733870967741936,1.0,10.0
0.2,1,0.8194192377495463,0.9709090909090909,0.1
0.30000000000000004,1,0.8205394190871369,0.9007263922518159,0.01
0.4,1,0.8331318016928658,0.8781818181818182,0.01
0.5,1,0.8301886792452831,0.876453488372093,0.01
0.6,1,0.8294010889292196,0.8861985472154964,0.01
0.7000000000000001,1,0.821256038647343,0.8785046728971962,0.01
0.8,1,0.8115942028985508,0.9509536784741145,0.1
0.9,1,0.782608695652174,0.8781275221953188,0.01
0.1,2,0.7975806451612903,0.9124087591240876,0.01
0.2,2,0.809437386569873,0.9745454545454545,0.1
0.30000000000000004,2,0.8101659751037344,0.8910411622276029,0.01
0.4,2,0.8222490931076178,0.8818181818181818,0.01
0.5,2,0.8243831640058055,0.9622093023255814,0.1
0.6,2,0.8330308529945554,0.9552058111380145,0.1
0.7000000000000001,2,0.8285024154589372,0.9501557632398754,0.1
0.8,2,0.8188405797101449,0.8764759309718437,0.01
0.9,2,0.782608695652174,0.9402744148506861,0.1
0.1,3,0.7870967741935484,0.948905109489051,0.01
0.2,3,0.7967332123411979,0.9309090909090909,0.01
0.30000000000000004,3,0.799792531120332,0.9709443099273608,0.1
0.4,3,0.8174123337363967,0.9018181818181819,0.01
0.5,3,0.8171262699564587,0.8808139534883721,0.01
0.6,3,0.8275862068965517,0.8777239709443099,0.01
0.7000000000000001,3,0.855072463768116,0.8691588785046729,0.01
0.8,3,0.8731884057971014,0.8655767484105359,0.01
0.9,3,0.8913043478260869,0.8676351896690879,0.01
0.1,4,0.7991935483870968,0.9781021897810219,0.1
0.2,4,0.8112522686025408,0.9854545454545455,0.1
0.30000000000000004,4,0.828838174273859,0.8765133171912833,0.01
0.4,4,0.8246674727932285,0.8781818181818182,0.01
0.5,4,0.8229317851959361,0.9593023255813954,0.1
0.6,4,0.8166969147005445,0.9600484261501211,0.1
0.7000000000000001,4,0.8115942028985508,0.8868120456905504,0.01
0.8,4,0.8115942028985508,0.8837420526793823,0.01
0.9,4,0.7536231884057971,0.8813559322033898,0.01
0.1,5,0.7919354838709678,0.8978102189781022,0.01
0.2,5,0.8176043557168784,0.9018181818181819,0.01
0.30000000000000004,5,0.8132780082987552,0.9612590799031477,0.1
0.4,5,0.8162031438935913,0.8909090909090909,0.01
0.5,5,0.8113207547169812,0.8909883720930233,0.01
0.6,5,0.8185117967332124,0.8801452784503632,0.01
0.7000000000000001,5,0.8115942028985508,0.9460020768431984,0.1
0.8,5,0.8007246376811594,0.9500454132606722,0.1
0.9,5,0.7536231884057971,0.8845843422114609,0.01
0.1,6,0.7879032258064517,0.9854014598540146,0.1
0.2,6,0.7876588021778584,1.0,100.0
0.30000000000000004,6,0.8236514522821576,0.8765133171912833,0.01
0.4,6,0.8222490931076178,0.8709090909090909,0.01
0.5,6,0.8243831640058055,0.9433139534883721,0.1
0.6,6,0.8166969147005445,0.9491525423728814,0.1
0.7000000000000001,6,0.8164251207729468,0.9460020768431984,0.1
0.8,6,0.822463768115942,0.8701180744777475,0.01
0.9,6,0.8260869565217391,0.8748991121872478,0.01
0.1,7,0.8088709677419355,0.9927007299270073,0.1
0.2,7,0.8112522686025408,0.8981818181818182,0.01
0.30000000000000004,7,0.8205394190871369,0.8910411622276029,0.01
0.4,7,0.8186215235792019,0.8909090909090909,0.01
0.5,7,0.8142235123367199,0.8895348837209303,0.01
0.6,7,0.822141560798548,0.8825665859564165,0.01
0.7000000000000001,7,0.8454106280193237,0.8712357217030114,0.01
0.8,7,0.8369565217391305,0.8801089918256131,0.01
0.9,7,0.855072463768116,0.8781275221953188,0.01
0.1,8,0.8080645161290323,0.9854014598540146,0.1
0.2,8,0.8157894736842105,0.9018181818181819,0.01
0.30000000000000004,8,0.8163900414937759,0.8910411622276029,0.01
0.4,8,0.814993954050786,0.8763636363636363,0.01
0.5,8,0.8359941944847605,0.877906976744186,0.01
0.6,8,0.8275862068965517,0.8753026634382567,0.01
0.7000000000000001,8,0.8381642512077294,0.877466251298027,0.01
0.8,8,0.855072463768116,0.8728428701180745,0.01
0.9,8,0.8333333333333334,0.8765133171912833,0.01
0.1,9,0.8064516129032258,0.9635036496350365,0.1
0.2,9,0.822141560798548,0.88,0.01
0.30000000000000004,9,0.8340248962655602,0.87409200968523,0.01
0.4,9,0.8295042321644498,0.8727272727272727,0.01
0.5,9,0.8359941944847605,0.873546511627907,0.01
0.6,9,0.8312159709618875,0.8753026634382567,0.01
0.7000000000000001,9,0.8357487922705314,0.8743509865005192,0.01
0.8,9,0.822463768115942,0.8755676657584015,0.01
0.9,9,0.7898550724637681,0.8813559322033898,0.01
