ratio,run,cluster_acc,cluster_acc_train,best_C
0.1,0,0.7766129032258065,1.0,100.0
0.2,0,0.7867513611615246,0.8945454545454545,0.01
0.30000000000000004,0,0.8246887966804979,0.9636803874092009,0.1
0.4,0,0.8246674727932285,0.9581818181818181,0.1
0.5,0,0.8287373004354136,0.8851744186046512,0.01
0.6,0,0.8294010889292196,0.8886198547215496,0.01
0.7000000000000001,0,0.8285024154589372,0.8847352024922118,0.01
0.8,0,0.8333333333333334,0.888283378746594,0.01
0.9,0,0.8188405797101449,0.8837772397094431,0.01
0.1,1,0.7661290322580645,1.0,1000.0
0.2,1,0.8076225045372051,0.9963636363636363,1.0
0.30000000000000004,1,0.8205394190871369,0.8910411622276029,0.01
0.4,1,0.8246674727932285,0.8781818181818182,0.01
0.5,1,0.8287373004354136,0.877906976744186,0.01
0.6,1,0.8330308529945554,0.9576271186440678,0.1
0.7000000000000001,1,0.821256038647343,0.8836967808930426,0.01
0.8,1,0.822463768115942,0.9545867393278837,0.1
0.9,1,0.7753623188405797,0.8870056497175142,0.01
0.1,2,0.7725806451612903,0.9124087591240876,0.01
0.2,2,0.8076225045372051,0.9818181818181818,0.1
0.30000000000000004,2,0.8163900414937759,0.9709443099273608,0.1
0.4,2,0.814993954050786,0.8909090909090909,0.01
0.5,2,0.818577648766328,0.9622093023255814,0.1
0.6,2,0.8312159709618875,0.9576271186440678,0.1
0.7000000000000001,2,0.8285024154589372,0.9511941848390446,0.1
0.8,2,0.8152173913043478,0.8737511353315168,0.01
0.9,2,0.7753623188405797,0.9443099273607748,0.1
0.1,3,0.7903225806451613,0.9927007299270073,0.1
0.2,3,0.7958257713248639,0.9854545454545455,0.1
0.30000000000000004,3,0.7966804979253111,0.9757869249394673,0.1
0.4,3,0.8125755743651754,0.9763636363636363,0.1
0.5,3,0.8171262699564587,0.8909883720930233,0.01
0.6,3,0.822141560798548,0.887409200968523,0.01
0.7000000000000001,3,0.8381642512077294,0.8785046728971962,0.01
0.8,3,0.8731884057971014,0.8719346049046321,0.01
0.9,3,0.8985507246376812,0.87409200968523,0.01
0.1,4,0.7838709677419354,0.9927007299270073,1.0
0.2,4,0.8021778584392014,0.9963636363636363,1.0
0.30000000000000004,4,0.8278008298755186,0.9733656174334141,0.1
0.4,4,0.8246674727932285,0.8854545454545455,0.01
0.5,4,0.7982583454281568,0.9956395348837209,1.0
0.6,4,0.8130671506352087,0.9624697336561744,0.1
0.7000000000000001,4,0.8067632850241546,0.885773624091381,0.01
0.8,4,0.8188405797101449,0.8837420526793823,0.01
0.9,4,0.782608695652174,0.8829701372074253,0.01
0.1,5,0.7806451612903226,0.9051094890510949,0.01
0.2,5,0.8012704174228675,1.0,100.0
0.30000000000000004,5,0.7987551867219918,0.9007263922518159,0.01
0.4,5,0.8089480048367593,0.9618181818181818,0.1
0.5,5,0.8142235123367199,0.9563953488372093,0.1
0.6,5,0.8166969147005445,0.9491525423728814,0.1
0.7000000000000001,5,0.821256038647343,0.8888888888888888,0.01
0.8,5,0.7971014492753623,0.9500454132606722,0.1
0.9,5,0.7536231884057971,0.8837772397094431,0.01
0.1,6,0.7870967741935484,0.9854014598540146,0.1
0.2,6,0.7921960072595281,1.0,10.0
0.30000000000000004,6,0.8184647302904564,0.8765133171912833,0.01
0.4,6,0.8186215235792019,0.8709090909090909,0.01
0.5,6,0.8200290275761973,0.9491279069767442,0.1
0.6,6,0.8130671506352087,0.9527845036319612,0.1
0.7000000000000001,6,0.8188405797101449,0.9491173416407062,0.1
0.8,6,0.822463768115942,0.8737511353315168,0.01
0.9,6,0.8043478260869565,0.8789346246973365,0.01
0.1,7,0.807258064516129,0.9927007299270073,0.1
0.2,7,0.8176043557168784,0.9818181818181818,0.1
0.30000000000000004,7,0.8132780082987552,0.8886198547215496,0.01
0.4,7,0.8174123337363967,0.8909090909090909,0.01
0.5,7,0.806966618287373,0.8953488372093024,0.01
0.6,7,0.8166969147005445,0.8801452784503632,0.01
0.7000000000000001,7,0.8357487922705314,0.9501557632398754,0.1
0.8,7,0.8333333333333334,0.8846503178928247,0.01
0.9,7,0.8405797101449275,0.8821630347054076,0.01
0.1,8,0.7983870967741935,0.9854014598540146,0.1
0.2,8,0.8049001814882033,0.8981818181818182,0.01
0.30000000000000004,8,0.8070539419087137,0.8934624697336562,0.01
0.4,8,0.8125755743651754,0.8872727272727273,0.01
0.5,8,0.8287373004354136,0.8851744186046512,0.01
0.6,8,0.8257713248638838,0.8777239709443099,0.01
0.7000000000000001,8,0.8309178743961353,0.881619937694704,0.01
0.8,8,0.855072463768116,0.8801089918256131,0.01
0.9,8,0.8188405797101449,0.9467312348668281,0.1
0.1,9,0.785483870967742,0.8905109489051095,0.01
0.2,9,0.8166969147005445,0.9672727272727273,0.1
0.30000000000000004,9,0.8205394190871369,0.9636803874092009,0.1
0.4,9,0.8210399032648126,0.9581818181818181,0.1
0.5,9,0.8316400580551524,0.8822674418604651,0.01
0.6,9,0.8348457350272233,0.9527845036319612,0.1
0.7000000000000001,9,0.8478260869565217,0.877466251298027,0.01
0.8,9,0.8297101449275363,0.8801089918256131,0.01
0.9,9,0.7971014492753623,0.8853914447134786,0.01
