ratio,run,cluster_acc,cluster_acc_train,best_C,depth
0.1,0,0.7693548387096775,1.0,10.0,0
0.2,0,0.7831215970961888,0.8945454545454545,0.01,0
0.30000000000000004,0,0.8257261410788381,0.9612590799031477,0.1,0
0.4,0,0.8246674727932285,0.9581818181818181,0.1,0
0.5,0,0.8287373004354136,0.8851744186046512,0.01,0
0.6,0,0.8294010889292196,0.887409200968523,0.01,0
0.7000000000000001,0,0.8285024154589372,0.881619937694704,0.01,0
0.8,0,0.8333333333333334,0.8828337874659401,0.01,0
0.9,0,0.8260869565217391,0.8829701372074253,0.01,0
0.1,1,0.7709677419354839,1.0,10.0,0
0.2,1,0.8067150635208712,0.9963636363636363,1.0,0
0.30000000000000004,1,0.8215767634854771,0.8886198547215496,0.01,0
0.4,1,0.8246674727932285,0.8763636363636363,0.01,0
0.5,1,0.8301886792452831,0.876453488372093,0.01,0
0.6,1,0.8148820326678766,0.887409200968523,0.01,0
0.7000000000000001,1,0.821256038647343,0.8836967808930426,0.01,0
0.8,1,0.8079710144927537,0.8828337874659401,0.01,0
0.9,1,0.782608695652174,0.8861985472154964,0.01,0
0.1,2,0.7693548387096775,0.9124087591240876,0.01,0
0.2,2,0.8076225045372051,0.9781818181818182,0.1,0
0.30000000000000004,2,0.8153526970954357,0.9685230024213075,0.1,0
0.4,2,0.8125755743651754,0.8909090909090909,0.01,0
0.5,2,0.818577648766328,0.9622093023255814,0.1,0
0.6,2,0.8312159709618875,0.9564164648910412,0.1,0
0.7000000000000001,2,0.8285024154589372,0.9501557632398754,0.1,0
0.8,2,0.8188405797101449,0.8728428701180745,0.01,0
0.9,2,0.7753623188405797,0.9426957223567393,0.1,0
0.1,3,0.7895161290322581,0.9927007299270073,0.1,0
0.2,3,0.7912885662431942,1.0,10.0,0
0.30000000000000004,3,0.7966804979253111,0.9733656174334141,0.1,0
0.4,3,0.8125755743651754,0.9727272727272728,0.1,0
0.5,3,0.806966618287373,0.9680232558139535,0.1,0
0.6,3,0.8239564428312159,0.887409200968523,0.01,0
0.7000000000000001,3,0.8429951690821256,0.8764278296988577,0.01,0
0.8,3,0.8659420289855072,0.8728428701180745,0.01,0
0.9,3,0.8985507246376812,0.8732849071832123,0.01,0
0.1,4,0.7806451612903226,0.9927007299270073,1.0,0
0.2,4,0.7985480943738656,0.9963636363636363,1.0,0
0.30000000000000004,4,0.8278008298755186,0.9709443099273608,0.1,0
0.4,4,0.8222490931076178,0.8854545454545455,0.01,0
0.5,4,0.818577648766328,0.9593023255813954,0.1,0
0.6,4,0.8130671506352087,0.9612590799031477,0.1,0
0.7000000000000001,4,0.8067632850241546,0.881619937694704,0.01,0
0.8,4,0.8188405797101449,0.8837420526793823,0.01,0
0.9,4,0.782608695652174,0.8821630347054076,0.01,0
0.1,5,0.7790322580645161,0.9051094890510949,0.01,0
0.2,5,0.8003629764065335,1.0,10.0,0
0.30000000000000004,5,0.7987551867219918,0.9007263922518159,0.01,0
0.4,5,0.8101571946795647,0.9581818181818181,0.1,0
0.5,5,0.8127721335268505,0.9563953488372093,0.1,0
0.6,5,0.8185117967332124,0.9430992736077481,0.1,0
0.7000000000000001,5,0.821256038647343,0.8878504672897196,0.01,0
0.8,5,0.7934782608695652,0.9491371480472298,0.1,0
0.9,5,0.7028985507246377,0.9475383373688459,0.1,0
0.1,6,0.7879032258064517,0.9854014598540146,0.1,0
0.2,6,0.7921960072595281,1.0,10.0,0
0.30000000000000004,6,0.8163900414937759,0.87409200968523,0.01,0
0.4,6,0.8198307134220073,0.8709090909090909,0.01,0
0.5,6,0.818577648766328,0.9462209302325582,0.1,0
0.6,6,0.8148820326678766,0.9527845036319612,0.1,0
0.7000000000000001,6,0.8188405797101449,0.9491173416407062,0.1,0
0.8,6,0.822463768115942,0.8737511353315168,0.01,0
0.9,6,0.8043478260869565,0.8789346246973365,0.01,0
0.1,7,0.8064516129032258,0.9927007299270073,0.1,0
0.2,7,0.8176043557168784,0.9818181818181818,0.1,0
0.30000000000000004,7,0.8132780082987552,0.8934624697336562,0.01,0
0.4,7,0.814993954050786,0.8927272727272727,0.01,0
0.5,7,0.8142235123367199,0.9622093023255814,0.1,0
0.6,7,0.8185117967332124,0.8789346246973365,0.01,0
0.7000000000000001,7,0.8357487922705314,0.9491173416407062,0.1,0
0.8,7,0.8333333333333334,0.885558583106267,0.01,0
0.9,7,0.8405797101449275,0.8829701372074253,0.01,0
0.1,8,0.7967741935483871,0.9854014598540146,0.1,0
0.2,8,0.8030852994555354,0.8981818181818182,0.01,0
0.30000000000000004,8,0.808091286307054,0.8861985472154964,0.01,0
0.4,8,0.8101571946795647,0.8872727272727273,0.01,0
0.5,8,0.8243831640058055,0.8851744186046512,0.01,0
0.6,8,0.8257713248638838,0.8777239709443099,0.01,0
0.7000000000000001,8,0.8285024154589372,0.8805815160955348,0.01,0
0.8,8,0.855072463768116,0.8782924613987284,0.01,0
0.9,8,0.8188405797101449,0.9426957223567393,0.1,0
0.1,9,0.782258064516129,0.8905109489051095,0.01,0
0.2,9,0.8166969147005445,0.9672727272727273,0.1,0
0.30000000000000004,9,0.8205394190871369,0.9636803874092009,0.1,0
0.4,9,0.8222490931076178,0.9545454545454546,0.1,0
0.5,9,0.8316400580551524,0.8851744186046512,0.01,0
0.6,9,0.8348457350272233,0.950363196125908,0.1,0
0.7000000000000001,9,0.8454106280193237,0.8753894080996885,0.01,0
0.8,9,0.8333333333333334,0.8782924613987284,0.01,0
0.9,9,0.7971014492753623,0.8845843422114609,0.01,0
0.1,0,0.7935483870967742,0.9124087591240876,0.001,1
0.2,0,0.7903811252268602,0.8654545454545455,0.001,1
0.30000000000000004,0,0.8143153526970954,0.9200968523002422,0.01,1
0.4,0,0.8077388149939541,0.9145454545454546,0.01,1
0.5,0,0.8026124818577649,0.9215116279069767,0.01,1
0.6,0,0.809437386569873,0.9116222760290557,0.01,1
0.7000000000000001,0,0.7995169082125604,0.9179646936656283,0.01,1
0.8,0,0.8079710144927537,0.9118982742960945,0.01,1
0.9,0,0.7971014492753623,0.83454398708636,0.001,1
0.1,1,0.7967741935483871,0.9416058394160584,0.01,1
0.2,1,0.8021778584392014,0.8618181818181818,0.001,1
0.30000000000000004,1,0.8153526970954357,0.9176755447941889,0.01,1
0.4,1,0.8162031438935913,0.8290909090909091,0.001,1
0.5,1,0.8330914368650217,0.9055232558139535,0.01,1
0.6,1,0.8294010889292196,0.9055690072639225,0.01,1
0.7000000000000001,1,0.8309178743961353,0.8992731048805815,0.01,1
0.8,1,0.822463768115942,0.9000908265213442,0.01,1
0.9,1,0.7391304347826086,0.8369652945924132,0.001,1
0.1,2,0.782258064516129,0.9343065693430657,0.01,1
0.2,2,0.7676950998185118,0.8836363636363637,0.001,1
0.30000000000000004,2,0.783195020746888,0.9176755447941889,0.01,1
0.4,2,0.8016928657799275,0.9090909090909091,0.01,1
0.5,2,0.8113207547169812,0.9026162790697675,0.01,1
0.6,2,0.8166969147005445,0.9092009685230025,0.01,1
0.7000000000000001,2,0.821256038647343,0.9086188992731049,0.01,1
0.8,2,0.8079710144927537,0.9046321525885559,0.01,1
0.9,2,0.782608695652174,0.9943502824858758,0.1,1
0.1,3,0.7685483870967742,1.0,1.0,1
0.2,3,0.7903811252268602,0.9418181818181818,0.01,1
0.30000000000000004,3,0.7946058091286307,0.9346246973365617,0.01,1
0.4,3,0.7980652962515115,0.9236363636363636,0.01,1
0.5,3,0.8142235123367199,0.9171511627906976,0.01,1
0.6,3,0.8239564428312159,0.8389830508474576,0.001,1
0.7000000000000001,3,0.8429951690821256,0.9075804776739356,0.01,1
0.8,3,0.8768115942028986,0.8301544050862852,0.001,1
0.9,3,0.8840579710144928,0.9015334947538337,0.01,1
0.1,4,0.7975806451612903,1.0,0.1,1
0.2,4,0.7958257713248639,0.8836363636363637,0.001,1
0.30000000000000004,4,0.8205394190871369,0.9176755447941889,0.01,1
0.4,4,0.814993954050786,0.8290909090909091,0.001,1
0.5,4,0.8243831640058055,0.9069767441860465,0.01,1
0.6,4,0.8021778584392014,0.8389830508474576,0.001,1
0.7000000000000001,4,0.8043478260869565,0.9117341640706127,0.01,1
0.8,4,0.8079710144927537,0.9055404178019982,0.01,1
0.9,4,0.7536231884057971,0.9055690072639225,0.01,1
0.1,5,0.7387096774193549,1.0,0.1,1
0.2,5,0.7921960072595281,0.9345454545454546,0.01,1
0.30000000000000004,5,0.7977178423236515,0.8401937046004843,0.001,1
0.4,5,0.7980652962515115,0.92,0.01,1
0.5,5,0.8011611030478955,0.9229651162790697,0.01,1
0.6,5,0.8130671506352087,0.8329297820823245,0.001,1
0.7000000000000001,5,0.7995169082125604,0.8359293873312564,0.001,1
0.8,5,0.822463768115942,0.9073569482288828,0.01,1
0.9,5,0.782608695652174,0.9031476997578692,0.01,1
0.1,6,0.7830645161290323,0.9416058394160584,0.01,1
0.2,6,0.7967332123411979,0.9381818181818182,0.01,1
0.30000000000000004,6,0.8101659751037344,0.8280871670702179,0.001,1
0.4,6,0.81136638452237,0.8309090909090909,0.001,1
0.5,6,0.8098693759071117,0.8953488372093024,0.01,1
0.6,6,0.8058076225045372,0.9007263922518159,0.01,1
0.7000000000000001,6,0.8164251207729468,0.8961578400830738,0.01,1
0.8,6,0.8333333333333334,0.8991825613079019,0.01,1
0.9,6,0.8188405797101449,0.8288942695722357,0.001,1
0.1,7,0.7975806451612903,1.0,10.0,1
0.2,7,0.8067150635208712,0.9272727272727272,0.01,1
0.30000000000000004,7,0.7759336099585062,1.0,100.0,1
0.4,7,0.8089480048367593,0.8472727272727273,0.001,1
0.5,7,0.8127721335268505,0.9215116279069767,0.01,1
0.6,7,0.8166969147005445,0.8341404358353511,0.001,1
0.7000000000000001,7,0.8140096618357487,0.8359293873312564,0.001,1
0.8,7,0.8188405797101449,0.9073569482288828,0.01,1
0.9,7,0.8188405797101449,0.8369652945924132,0.001,1
0.1,8,0.771774193548387,1.0,10.0,1
0.2,8,0.7803992740471869,1.0,10.0,1
0.30000000000000004,8,0.7800829875518672,1.0,10.0,1
0.4,8,0.81136638452237,0.9254545454545454,0.01,1
0.5,8,0.8142235123367199,0.9142441860465116,0.01,1
0.6,8,0.8185117967332124,0.9079903147699758,0.01,1
0.7000000000000001,8,0.8115942028985508,0.9065420560747663,0.01,1
0.8,8,0.8369565217391305,0.9009990917347865,0.01,1
0.9,8,0.8043478260869565,0.8321226795803067,0.001,1
0.1,9,0.792741935483871,0.9708029197080292,0.01,1
0.2,9,0.8058076225045372,0.8254545454545454,0.001,1
0.30000000000000004,9,0.808091286307054,0.9200968523002422,0.01,1
0.4,9,0.8162031438935913,0.9254545454545454,0.01,1
0.5,9,0.8098693759071117,0.9113372093023255,0.01,1
0.6,9,0.8185117967332124,0.9043583535108959,0.01,1
0.7000000000000001,9,0.8405797101449275,0.8982346832814122,0.01,1
0.8,9,0.8260869565217391,0.8973660308810173,0.01,1
0.9,9,0.7971014492753623,0.9031476997578692,0.01,1
0.1,0,0.7983870967741935,0.8686131386861314,0.001,2
0.2,0,0.7976406533575318,0.850909090909091,0.001,2
0.30000000000000004,0,0.8091286307053942,1.0,10.0,2
0.4,0,0.8137847642079806,1.0,0.1,2
0.5,0,0.8287373004354136,0.9375,0.01,2
0.6,0,0.8166969147005445,0.9418886198547215,0.01,2
0.7000000000000001,0,0.7898550724637681,0.9439252336448598,0.01,2
0.8,0,0.8115942028985508,0.9336966394187103,0.01,2
0.9,0,0.8115942028985508,0.9289749798224375,0.01,2
0.1,1,0.7919354838709678,1.0,0.1,2
0.2,1,0.7931034482758621,1.0,10.0,2
0.30000000000000004,1,0.8070539419087137,0.8547215496368039,0.001,2
0.4,1,0.814993954050786,0.8290909090909091,0.001,2
0.5,1,0.8272859216255443,0.9331395348837209,0.01,2
0.6,1,0.8239564428312159,0.9358353510895884,0.01,2
0.7000000000000001,1,0.8236714975845411,0.9304257528556594,0.01,2
0.8,1,0.8079710144927537,0.9282470481380564,0.01,2
0.9,1,0.7753623188405797,0.9225181598062954,0.01,2
0.1,2,0.7959677419354839,0.948905109489051,0.01,2
0.2,2,0.7713248638838476,0.8690909090909091,0.001,2
0.30000000000000004,2,0.7811203319502075,0.9443099273607748,0.01,2
0.4,2,0.8101571946795647,0.94,0.01,2
0.5,2,0.8156748911465893,0.934593023255814,0.01,2
0.6,2,0.8257713248638838,0.9334140435835351,0.01,2
0.7000000000000001,2,0.8285024154589372,0.9262720664589823,0.01,2
0.8,2,0.8152173913043478,0.9300635785649409,0.01,2
0.9,2,0.782608695652174,0.9265536723163842,0.01,2
0.1,3,0.7814516129032258,1.0,0.1,2
0.2,3,0.79491833030853,0.96,0.01,2
0.30000000000000004,3,0.799792531120332,0.9588377723970944,0.01,2
0.4,3,0.7992744860943168,0.94,0.01,2
0.5,3,0.8113207547169812,0.9302325581395349,0.01,2
0.6,3,0.838475499092559,0.9297820823244553,0.01,2
0.7000000000000001,3,0.8599033816425121,0.9231568016614745,0.01,2
0.8,3,0.8623188405797102,0.927338782924614,0.01,2
0.9,3,0.8840579710144928,0.9289749798224375,0.01,2
0.1,4,0.8016129032258065,0.9854014598540146,0.01,2
0.2,4,0.7967332123411979,0.8690909090909091,0.001,2
0.30000000000000004,4,0.8236514522821576,0.9443099273607748,0.01,2
0.4,4,0.81136638452237,0.8436363636363636,0.001,2
0.5,4,0.8330914368650217,0.934593023255814,0.01,2
0.6,4,0.7985480943738656,0.8498789346246973,0.001,2
0.7000000000000001,4,0.8091787439613527,0.9345794392523364,0.01,2
0.8,4,0.8043478260869565,0.9300635785649409,0.01,2
0.9,4,0.7463768115942029,0.9289749798224375,0.01,2
0.1,5,0.7516129032258064,0.9562043795620438,0.01,2
0.2,5,0.7867513611615246,0.850909090909091,0.001,2
0.30000000000000004,5,0.7894190871369294,0.9443099273607748,0.01,2
0.4,5,0.8016928657799275,0.9381818181818182,0.01,2
0.5,5,0.8084179970972424,0.934593023255814,0.01,2
0.6,5,0.8275862068965517,0.9285714285714286,0.01,2
0.7000000000000001,5,0.8285024154589372,0.9314641744548287,0.01,2
0.8,5,0.8405797101449275,0.9282470481380564,0.01,2
0.9,5,0.8188405797101449,0.9297820823244553,0.01,2
0.1,6,0.7733870967741936,1.0,0.1,2
0.2,6,0.7958257713248639,0.9563636363636364,0.01,2
0.30000000000000004,6,0.8132780082987552,0.837772397094431,0.001,2
0.4,6,0.8065296251511487,0.8381818181818181,0.001,2
0.5,6,0.8142235123367199,0.9229651162790697,0.01,2
0.6,6,0.8039927404718693,0.927360774818402,0.01,2
0.7000000000000001,6,0.785024154589372,1.0,0.1,2
0.8,6,0.8478260869565217,0.9255222524977293,0.01,2
0.9,6,0.8405797101449275,0.9209039548022598,0.01,2
0.1,7,0.8024193548387096,0.9562043795620438,0.01,2
0.2,7,0.8049001814882033,1.0,10.0,2
0.30000000000000004,7,0.8163900414937759,0.937046004842615,0.01,2
0.4,7,0.814993954050786,0.9381818181818182,0.01,2
0.5,7,0.8156748911465893,0.9418604651162791,0.01,2
0.6,7,0.8185117967332124,0.9322033898305084,0.01,2
0.7000000000000001,7,0.8285024154589372,0.9293873312564901,0.01,2
0.8,7,0.8115942028985508,0.9309718437783833,0.01,2
0.9,7,0.8260869565217391,0.9217110573042776,0.01,2
0.1,8,0.7774193548387097,0.9708029197080292,0.01,2
0.2,8,0.8012704174228675,0.8472727272727273,0.001,2
0.30000000000000004,8,0.8132780082987552,0.9418886198547215,0.01,2
0.4,8,0.8210399032648126,0.9363636363636364,0.01,2
0.5,8,0.8243831640058055,0.9316860465116279,0.01,2
0.6,8,0.8312159709618875,0.927360774818402,0.01,2
0.7000000000000001,8,0.8333333333333334,0.9283489096573209,0.01,2
0.8,8,0.855072463768116,0.927338782924614,0.01,2
0.9,8,0.8188405797101449,0.9289749798224375,0.01,2
0.1,9,0.7911290322580645,0.8467153284671532,0.001,2
0.2,9,0.8003629764065335,0.8290909090909091,0.001,2
0.30000000000000004,9,0.8122406639004149,0.8280871670702179,0.001,2
0.4,9,0.8234582829504232,0.9490909090909091,0.01,2
0.5,9,0.8200290275761973,0.9418604651162791,0.01,2
0.6,9,0.8312159709618875,0.9346246973365617,0.01,2
0.7000000000000001,9,0.8478260869565217,0.9252336448598131,0.01,2
0.8,9,0.8442028985507246,0.9282470481380564,0.01,2
0.9,9,0.8405797101449275,0.927360774818402,0.01,2
