ratio,run,cluster_acc,cluster_acc_train,best_C,depth
0.1,0,0.7346774193548387,0.9197080291970803,1.0,0
0.2,0,0.7577132486388385,0.8290909090909091,0.001,0
0.30000000000000004,0,0.8008298755186722,0.8159806295399515,0.01,0
0.4,0,0.7980652962515115,0.9036363636363637,0.1,0
0.5,0,0.8229317851959361,0.8590116279069767,0.01,0
0.6,0,0.809437386569873,0.864406779661017,0.01,0
0.7000000000000001,0,0.8405797101449275,0.8681204569055037,0.01,0
0.8,0,0.8442028985507246,0.8746594005449592,0.01,0
0.9,0,0.8260869565217391,0.8797417271993543,0.01,0
0.1,1,0.7637096774193548,0.8686131386861314,0.01,0
0.2,1,0.7849364791288567,0.8945454545454545,0.1,0
0.30000000000000004,1,0.8060165975103735,0.8401937046004843,0.01,0
0.4,1,0.8137847642079806,0.8363636363636363,0.01,0
0.5,1,0.8171262699564587,0.8517441860465116,0.01,0
0.6,1,0.8203266787658802,0.860774818401937,0.01,0
0.7000000000000001,1,0.8164251207729468,0.8701973001038421,0.01,0
0.8,1,0.8333333333333334,0.932788374205268,0.1,0
0.9,1,0.7898550724637681,0.8797417271993543,0.01,0
0.1,2,0.7524193548387097,0.8540145985401459,0.001,0
0.2,2,0.7803992740471869,0.8763636363636363,0.01,0
0.30000000000000004,2,0.7987551867219918,0.8450363196125908,0.01,0
0.4,2,0.8053204353083434,0.8527272727272728,0.01,0
0.5,2,0.8011611030478955,0.8502906976744186,0.01,0
0.6,2,0.8294010889292196,0.923728813559322,0.1,0
0.7000000000000001,2,0.8236714975845411,0.8587746625129803,0.01,0
0.8,2,0.8152173913043478,0.8610354223433242,0.01,0
0.9,2,0.7898550724637681,0.87409200968523,0.01,0
0.1,3,0.760483870967742,0.948905109489051,1.0,0
0.2,3,0.7867513611615246,0.8872727272727273,0.01,0
0.30000000000000004,3,0.7925311203319502,0.8765133171912833,0.01,0
0.4,3,0.8053204353083434,0.9181818181818182,0.1,0
0.5,3,0.806966618287373,0.8691860465116279,0.01,0
0.6,3,0.8203266787658802,0.864406779661017,0.01,0
0.7000000000000001,3,0.8502415458937198,0.8566978193146417,0.01,0
0.8,3,0.8623188405797102,0.860127157129882,0.01,0
0.9,3,0.8768115942028986,0.9330104923325262,0.1,0
0.1,4,0.7709677419354839,0.8686131386861314,0.01,0
0.2,4,0.7822141560798548,0.8909090909090909,0.1,0
0.30000000000000004,4,0.8112033195020747,0.8401937046004843,0.01,0
0.4,4,0.8162031438935913,0.9072727272727272,0.1,0
0.5,4,0.8142235123367199,0.8459302325581395,0.01,0
0.6,4,0.809437386569873,0.8559322033898306,0.01,0
0.7000000000000001,4,0.8140096618357487,0.936656282450675,0.1,0
0.8,4,0.8007246376811594,0.9409627611262489,0.1,0
0.9,4,0.7753623188405797,0.8789346246973365,0.01,0
0.1,5,0.7524193548387097,0.8686131386861314,0.1,0
0.2,5,0.79491833030853,0.8654545454545455,0.01,0
0.30000000000000004,5,0.7987551867219918,0.8619854721549637,0.01,0
0.4,5,0.8089480048367593,0.8654545454545455,0.01,0
0.5,5,0.8200290275761973,0.9200581395348837,0.1,0
0.6,5,0.8203266787658802,0.8631961259079903,0.01,0
0.7000000000000001,5,0.8067632850241546,0.877466251298027,0.01,0
0.8,5,0.8007246376811594,0.9391462306993642,0.1,0
0.9,5,0.7028985507246377,0.9426957223567393,0.1,0
0.1,6,0.7209677419354839,0.9197080291970803,1.0,0
0.2,6,0.7876588021778584,0.8618181818181818,0.1,0
0.30000000000000004,6,0.8122406639004149,0.8280871670702179,0.01,0
0.4,6,0.8089480048367593,0.8309090909090909,0.01,0
0.5,6,0.8084179970972424,0.8546511627906976,0.01,0
0.6,6,0.7931034482758621,0.9213075060532687,0.1,0
0.7000000000000001,6,0.8091787439613527,0.9221183800623053,0.1,0
0.8,6,0.8369565217391305,0.9291553133514986,0.1,0
0.9,6,0.8188405797101449,0.8765133171912833,0.01,0
0.1,7,0.760483870967742,0.8832116788321168,0.01,0
0.2,7,0.794010889292196,0.8836363636363637,0.1,0
0.30000000000000004,7,0.808091286307054,0.8861985472154964,0.1,0
0.4,7,0.81136638452237,0.8581818181818182,0.01,0
0.5,7,0.7997097242380261,0.8619186046511628,0.01,0
0.6,7,0.8148820326678766,0.8535108958837773,0.01,0
0.7000000000000001,7,0.8381642512077294,0.9190031152647975,0.1,0
0.8,7,0.8260869565217391,0.8701180744777475,0.01,0
0.9,7,0.8478260869565217,0.8748991121872478,0.01,0
0.1,8,0.7290322580645161,0.7956204379562044,0.01,0
0.2,8,0.7985480943738656,0.8472727272727273,0.01,0
0.30000000000000004,8,0.7977178423236515,0.8523002421307506,0.01,0
0.4,8,0.8137847642079806,0.9109090909090909,0.1,0
0.5,8,0.8142235123367199,0.8444767441860465,0.01,0
0.6,8,0.8185117967332124,0.8486682808716707,0.01,0
0.7000000000000001,8,0.8309178743961353,0.8598130841121495,0.01,0
0.8,8,0.855072463768116,0.8610354223433242,0.01,0
0.9,8,0.8260869565217391,0.8724778046811945,0.01,0
0.1,9,0.7435483870967742,0.927007299270073,1.0,0
0.2,9,0.7849364791288567,0.8327272727272728,0.001,0
0.30000000000000004,9,0.8112033195020747,0.8353510895883777,0.01,0
0.4,9,0.8101571946795647,0.850909090909091,0.01,0
0.5,9,0.8214804063860668,0.9113372093023255,0.1,0
0.6,9,0.8366606170598911,0.923728813559322,0.1,0
0.7000000000000001,9,0.8526570048309179,0.8598130841121495,0.01,0
0.8,9,0.8297101449275363,0.9300635785649409,0.1,0
0.9,9,0.8115942028985508,0.8781275221953188,0.01,0
0.1,0,0.7758064516129032,0.9343065693430657,0.1,1
0.2,0,0.7731397459165155,0.9527272727272728,0.1,1
0.30000000000000004,0,0.7925311203319502,0.9539951573849879,0.1,1
0.4,0,0.8137847642079806,0.8727272727272727,0.01,1
0.5,0,0.8127721335268505,0.8837209302325582,0.01,1
0.6,0,0.8076225045372051,0.8910411622276029,0.01,1
0.7000000000000001,0,0.8164251207729468,0.8992731048805815,0.01,1
0.8,0,0.7934782608695652,0.8991825613079019,0.01,1
0.9,0,0.7971014492753623,0.83454398708636,0.001,1
0.1,1,0.785483870967742,0.8686131386861314,0.01,1
0.2,1,0.7912885662431942,0.88,0.01,1
0.30000000000000004,1,0.7935684647302904,0.8692493946731235,0.01,1
0.4,1,0.8053204353083434,0.82,0.001,1
0.5,1,0.8272859216255443,0.8590116279069767,0.01,1
0.6,1,0.8148820326678766,0.8184019370460048,0.001,1
0.7000000000000001,1,0.8285024154589372,0.8795430944963655,0.01,1
0.8,1,0.8079710144927537,0.8900999091734787,0.01,1
0.9,1,0.7898550724637681,0.8934624697336562,0.01,1
0.1,2,0.7653225806451613,0.8613138686131386,0.01,1
0.2,2,0.7749546279491834,0.8763636363636363,0.01,1
0.30000000000000004,2,0.774896265560166,0.8547215496368039,0.01,1
0.4,2,0.7847642079806529,0.8327272727272728,0.001,1
0.5,2,0.8055152394775036,0.875,0.01,1
0.6,2,0.8203266787658802,0.8765133171912833,0.01,1
0.7000000000000001,2,0.8164251207729468,0.8909657320872274,0.01,1
0.8,2,0.8079710144927537,0.8946412352406903,0.01,1
0.9,2,0.7898550724637681,0.9047619047619048,0.01,1
0.1,3,0.7685483870967742,1.0,1.0,1
0.2,3,0.7903811252268602,0.8981818181818182,0.01,1
0.30000000000000004,3,0.7925311203319502,0.8910411622276029,0.01,1
0.4,3,0.8053204353083434,0.88,0.01,1
0.5,3,0.8156748911465893,0.8837209302325582,0.01,1
0.6,3,0.8348457350272233,0.8849878934624698,0.01,1
0.7000000000000001,3,0.855072463768116,0.8826583592938733,0.01,1
0.8,3,0.8586956521739131,0.8873751135331517,0.01,1
0.9,3,0.8840579710144928,0.8926553672316384,0.01,1
0.1,4,0.7548387096774194,0.9343065693430657,0.1,1
0.2,4,0.7803992740471869,0.8727272727272727,0.01,1
0.30000000000000004,4,0.7935684647302904,0.8329297820823245,0.001,1
0.4,4,0.8162031438935913,0.8672727272727273,0.01,1
0.5,4,0.8127721335268505,0.8662790697674418,0.01,1
0.6,4,0.809437386569873,0.8777239709443099,0.01,1
0.7000000000000001,4,0.8019323671497585,0.8899273104880582,0.01,1
0.8,4,0.8188405797101449,0.8991825613079019,0.01,1
0.9,4,0.7463768115942029,0.9015334947538337,0.01,1
0.1,5,0.7314516129032258,0.8686131386861314,0.01,1
0.2,5,0.778584392014519,0.8254545454545454,0.001,1
0.30000000000000004,5,0.7925311203319502,0.8595641646489104,0.01,1
0.4,5,0.81136638452237,0.8690909090909091,0.01,1
0.5,5,0.795355587808418,0.8793604651162791,0.01,1
0.6,5,0.8076225045372051,0.8849878934624698,0.01,1
0.7000000000000001,5,0.7971014492753623,0.893042575285566,0.01,1
0.8,5,0.8043478260869565,0.8982742960944596,0.01,1
0.9,5,0.782608695652174,0.9023405972558515,0.01,1
0.1,6,0.7620967741935484,0.9197080291970803,0.1,1
0.2,6,0.7894736842105263,0.8254545454545454,0.001,1
0.30000000000000004,6,0.7935684647302904,0.8523002421307506,0.01,1
0.4,6,0.8065296251511487,0.8618181818181818,0.01,1
0.5,6,0.8055152394775036,0.8212209302325582,0.001,1
0.6,6,0.8021778584392014,0.8825665859564165,0.01,1
0.7000000000000001,6,0.8188405797101449,0.8785046728971962,0.01,1
0.8,6,0.8333333333333334,0.8910081743869209,0.01,1
0.9,6,0.8260869565217391,0.8950766747376917,0.01,1
0.1,7,0.7806451612903226,0.8978102189781022,0.01,1
0.2,7,0.7903811252268602,0.9490909090909091,0.1,1
0.30000000000000004,7,0.7956431535269709,0.8619854721549637,0.01,1
0.4,7,0.8089480048367593,0.8727272727272727,0.01,1
0.5,7,0.7851959361393324,0.8401162790697675,0.001,1
0.6,7,0.8203266787658802,0.8268765133171913,0.001,1
0.7000000000000001,7,0.8285024154589372,0.885773624091381,0.01,1
0.8,7,0.822463768115942,0.8955495004541326,0.01,1
0.9,7,0.8188405797101449,0.8337368845843423,0.001,1
0.1,8,0.7137096774193549,0.8175182481751825,0.01,1
0.2,8,0.8039927404718693,0.8072727272727273,0.001,1
0.30000000000000004,8,0.8070539419087137,0.8595641646489104,0.01,1
0.4,8,0.8053204353083434,0.8636363636363636,0.01,1
0.5,8,0.8127721335268505,0.8197674418604651,0.001,1
0.6,8,0.8185117967332124,0.8789346246973365,0.01,1
0.7000000000000001,8,0.8140096618357487,0.885773624091381,0.01,1
0.8,8,0.8442028985507246,0.8919164396003633,0.01,1
0.9,8,0.8188405797101449,0.8991121872477804,0.01,1
0.1,9,0.7637096774193548,0.9562043795620438,0.1,1
0.2,9,0.7840290381125227,0.9563636363636364,0.1,1
0.30000000000000004,9,0.8060165975103735,0.8595641646489104,0.01,1
0.4,9,0.8053204353083434,0.8618181818181818,0.01,1
0.5,9,0.8055152394775036,0.873546511627907,0.01,1
0.6,9,0.8185117967332124,0.8801452784503632,0.01,1
0.7000000000000001,9,0.8285024154589372,0.8847352024922118,0.01,1
0.8,9,0.822463768115942,0.8900999091734787,0.01,1
0.9,9,0.8043478260869565,0.8942695722356739,0.01,1
0.1,0,0.792741935483871,0.8540145985401459,0.01,2
0.2,0,0.7767695099818511,0.9672727272727273,0.1,2
0.30000000000000004,0,0.8184647302904564,0.8595641646489104,0.01,2
0.4,0,0.8210399032648126,0.8927272727272727,0.01,2
0.5,0,0.8098693759071117,0.9011627906976745,0.01,2
0.6,0,0.8021778584392014,0.9055690072639225,0.01,2
0.7000000000000001,0,0.8043478260869565,0.9127725856697819,0.01,2
0.8,0,0.8007246376811594,0.9182561307901907,0.01,2
0.9,0,0.8043478260869565,0.9200968523002422,0.01,2
0.1,1,0.7314516129032258,1.0,1000.0,2
0.2,1,0.79491833030853,0.88,0.01,2
0.30000000000000004,1,0.8049792531120332,0.8789346246973365,0.01,2
0.4,1,0.8053204353083434,0.8109090909090909,0.001,2
0.5,1,0.8287373004354136,0.8909883720930233,0.01,2
0.6,1,0.8294010889292196,0.9043583535108959,0.01,2
0.7000000000000001,1,0.821256038647343,0.9086188992731049,0.01,2
0.8,1,0.8079710144927537,0.9155313351498637,0.01,2
0.9,1,0.7898550724637681,0.9152542372881356,0.01,2
0.1,2,0.7588709677419355,0.8686131386861314,0.01,2
0.2,2,0.7767695099818511,0.88,0.01,2
0.30000000000000004,2,0.7686721991701245,0.8692493946731235,0.01,2
0.4,2,0.7956469165659008,0.8854545454545455,0.01,2
0.5,2,0.8171262699564587,0.8953488372093024,0.01,2
0.6,2,0.838475499092559,0.9043583535108959,0.01,2
0.7000000000000001,2,0.8260869565217391,0.9127725856697819,0.01,2
0.8,2,0.822463768115942,0.9182561307901907,0.01,2
0.9,2,0.782608695652174,0.9209039548022598,0.01,2
0.1,3,0.7943548387096774,0.9124087591240876,0.01,2
0.2,3,0.79491833030853,0.850909090909091,0.001,2
0.30000000000000004,3,0.7946058091286307,0.8983050847457628,0.01,2
0.4,3,0.8029020556227328,0.8927272727272727,0.01,2
0.5,3,0.8200290275761973,0.8968023255813954,0.01,2
0.6,3,0.8348457350272233,0.8983050847457628,0.01,2
0.7000000000000001,3,0.8526570048309179,0.9044652128764278,0.01,2
0.8,3,0.8586956521739131,0.9082652134423251,0.01,2
0.9,3,0.8695652173913043,0.9152542372881356,0.01,2
0.1,4,0.7887096774193548,0.8540145985401459,0.01,2
0.2,4,0.7921960072595281,0.8618181818181818,0.01,2
0.30000000000000004,4,0.783195020746888,0.8111380145278451,0.001,2
0.4,4,0.7896009673518742,0.8163636363636364,0.001,2
0.5,4,0.8345428156748912,0.8851744186046512,0.01,2
0.6,4,0.8312159709618875,0.9019370460048426,0.01,2
0.7000000000000001,4,0.8140096618357487,0.9127725856697819,0.01,2
0.8,4,0.8115942028985508,0.9182561307901907,0.01,2
0.9,4,0.7681159420289855,0.9217110573042776,0.01,2
0.1,5,0.7653225806451613,0.8467153284671532,0.01,2
0.2,5,0.7540834845735027,1.0,1.0,2
0.30000000000000004,5,0.7894190871369294,0.8765133171912833,0.01,2
0.4,5,0.8004836759371221,0.8909090909090909,0.01,2
0.5,5,0.7968069666182874,0.8997093023255814,0.01,2
0.6,5,0.8148820326678766,0.9043583535108959,0.01,2
0.7000000000000001,5,0.8188405797101449,0.9127725856697819,0.01,2
0.8,5,0.8297101449275363,0.9118982742960945,0.01,2
0.9,5,0.8188405797101449,0.9241323648103309,0.01,2
0.1,6,0.7637096774193548,0.927007299270073,0.1,2
0.2,6,0.7894736842105263,0.8654545454545455,0.01,2
0.30000000000000004,6,0.808091286307054,0.8668280871670703,0.01,2
0.4,6,0.8198307134220073,0.8727272727272727,0.01,2
0.5,6,0.8055152394775036,0.8837209302325582,0.01,2
0.6,6,0.8021778584392014,0.8958837772397095,0.01,2
0.7000000000000001,6,0.8236714975845411,0.8992731048805815,0.01,2
0.8,6,0.8043478260869565,0.8319709355131698,0.001,2
0.9,6,0.8260869565217391,0.9160613397901534,0.01,2
0.1,7,0.7798387096774193,0.9051094890510949,0.01,2
0.2,7,0.794010889292196,0.8690909090909091,0.01,2
0.30000000000000004,7,0.7977178423236515,0.8716707021791767,0.01,2
0.4,7,0.81136638452237,0.8981818181818182,0.01,2
0.5,7,0.8040638606676342,0.9069767441860465,0.01,2
0.6,7,0.7985480943738656,0.8353510895883777,0.001,2
0.7000000000000001,7,0.8260869565217391,0.9075804776739356,0.01,2
0.8,7,0.8152173913043478,0.9173478655767484,0.01,2
0.9,7,0.8405797101449275,0.9184826472962067,0.01,2
0.1,8,0.7435483870967742,0.8175182481751825,0.01,2
0.2,8,0.8076225045372051,0.8618181818181818,0.01,2
0.30000000000000004,8,0.8112033195020747,0.8692493946731235,0.01,2
0.4,8,0.814993954050786,0.8727272727272727,0.01,2
0.5,8,0.8243831640058055,0.8837209302325582,0.01,2
0.6,8,0.8239564428312159,0.8898305084745762,0.01,2
0.7000000000000001,8,0.821256038647343,0.90134994807892,0.01,2
0.8,8,0.8586956521739131,0.9109900090826522,0.01,2
0.9,8,0.8260869565217391,0.9209039548022598,0.01,2
0.1,9,0.7774193548387097,0.8540145985401459,0.01,2
0.2,9,0.7876588021778584,0.8581818181818182,0.01,2
0.30000000000000004,9,0.803941908713693,0.8159806295399515,0.001,2
0.4,9,0.8174123337363967,0.8818181818181818,0.01,2
0.5,9,0.8243831640058055,0.8938953488372093,0.01,2
0.6,9,0.8203266787658802,0.8958837772397095,0.01,2
0.7000000000000001,9,0.8260869565217391,0.8193146417445483,0.001,2
0.8,9,0.822463768115942,0.9091734786557675,0.01,2
0.9,9,0.8333333333333334,0.9184826472962067,0.01,2
0.1,0,0.7911290322580645,0.8540145985401459,0.01,3
0.2,0,0.7776769509981851,0.9672727272727273,0.1,3
0.30000000000000004,0,0.8215767634854771,0.8619854721549637,0.01,3
0.4,0,0.8210399032648126,0.8927272727272727,0.01,3
0.5,0,0.8229317851959361,0.9040697674418605,0.01,3
0.6,0,0.8166969147005445,0.9067796610169492,0.01,3
0.7000000000000001,0,0.8115942028985508,0.9148494288681205,0.01,3
0.8,0,0.8007246376811594,0.9200726612170754,0.01,3
0.9,0,0.7971014492753623,0.9233252623083131,0.01,3
0.1,1,0.7330645161290322,1.0,100.0,3
0.2,1,0.7903811252268602,0.8836363636363637,0.01,3
0.30000000000000004,1,0.803941908713693,0.8789346246973365,0.01,3
0.4,1,0.8222490931076178,0.8781818181818182,0.01,3
0.5,1,0.8243831640058055,0.8909883720930233,0.01,3
0.6,1,0.8148820326678766,0.9987893462469734,0.1,3
0.7000000000000001,1,0.8357487922705314,0.9096573208722741,0.01,3
0.8,1,0.8043478260869565,0.9118982742960945,0.01,3
0.9,1,0.7971014492753623,0.9160613397901534,0.01,3
0.1,2,0.760483870967742,0.8686131386861314,0.01,3
0.2,2,0.7803992740471869,0.8909090909090909,0.01,3
0.30000000000000004,2,0.7717842323651453,0.8813559322033898,0.01,3
0.4,2,0.7944377267230955,0.8909090909090909,0.01,3
0.5,2,0.8127721335268505,0.8953488372093024,0.01,3
0.6,2,0.8348457350272233,0.9067796610169492,0.01,3
0.7000000000000001,2,0.8309178743961353,0.9169262720664589,0.01,3
0.8,2,0.822463768115942,0.9182561307901907,0.01,3
0.9,2,0.782608695652174,0.9241323648103309,0.01,3
0.1,3,0.7887096774193548,0.9562043795620438,0.1,3
0.2,3,0.7931034482758621,0.8581818181818182,0.001,3
0.30000000000000004,3,0.7966804979253111,0.8983050847457628,0.01,3
0.4,3,0.8016928657799275,0.8963636363636364,0.01,3
0.5,3,0.8229317851959361,0.8968023255813954,0.01,3
0.6,3,0.8366606170598911,0.9007263922518159,0.01,3
0.7000000000000001,3,0.8599033816425121,0.9055036344755971,0.01,3
0.8,3,0.8695652173913043,0.9091734786557675,0.01,3
0.9,3,0.8768115942028986,0.9176755447941889,0.01,3
0.1,4,0.7895161290322581,0.8467153284671532,0.01,3
0.2,4,0.7912885662431942,0.8654545454545455,0.01,3
0.30000000000000004,4,0.7852697095435685,0.8111380145278451,0.001,3
0.4,4,0.7920193470374849,0.82,0.001,3
0.5,4,0.8345428156748912,0.8851744186046512,0.01,3
0.6,4,0.8294010889292196,0.9031476997578692,0.01,3
0.7000000000000001,4,0.8164251207729468,0.9127725856697819,0.01,3
0.8,4,0.8152173913043478,0.924613987284287,0.01,3
0.9,4,0.7753623188405797,0.9281678773204197,0.01,3
0.1,5,0.7588709677419355,0.8467153284671532,0.01,3
0.2,5,0.7776769509981851,0.9781818181818182,0.1,3
0.30000000000000004,5,0.7935684647302904,0.8813559322033898,0.01,3
0.4,5,0.8041112454655381,0.8945454545454545,0.01,3
0.5,5,0.8011611030478955,0.9011627906976745,0.01,3
0.6,5,0.8166969147005445,0.9055690072639225,0.01,3
0.7000000000000001,5,0.8188405797101449,0.9148494288681205,0.01,3
0.8,5,0.8333333333333334,0.9173478655767484,0.01,3
0.9,5,0.8115942028985508,0.9265536723163842,0.01,3
0.1,6,0.7653225806451613,0.927007299270073,0.1,3
0.2,6,0.7858439201451906,0.8254545454545454,0.001,3
0.30000000000000004,6,0.808091286307054,0.8668280871670703,0.01,3
0.4,6,0.8222490931076178,0.8745454545454545,0.01,3
0.5,6,0.8113207547169812,0.8851744186046512,0.01,3
0.6,6,0.8039927404718693,0.8970944309927361,0.01,3
0.7000000000000001,6,0.821256038647343,0.9023883696780893,0.01,3
0.8,6,0.8333333333333334,0.9146230699364214,0.01,3
0.9,6,0.8333333333333334,0.9184826472962067,0.01,3
0.1,7,0.7846774193548387,0.9635036496350365,0.1,3
0.2,7,0.7958257713248639,0.8654545454545455,0.01,3
0.30000000000000004,7,0.8018672199170125,0.8716707021791767,0.01,3
0.4,7,0.8101571946795647,0.9,0.01,3
0.5,7,0.8171262699564587,0.9084302325581395,0.01,3
0.6,7,0.8076225045372051,0.9019370460048426,0.01,3
0.7000000000000001,7,0.8236714975845411,0.9086188992731049,0.01,3
0.8,7,0.8188405797101449,0.9137148047229791,0.01,3
0.9,7,0.8405797101449275,0.9176755447941889,0.01,3
0.1,8,0.7411290322580645,0.8248175182481752,0.01,3
0.2,8,0.8103448275862069,0.8618181818181818,0.01,3
0.30000000000000004,8,0.8091286307053942,0.8668280871670703,0.01,3
0.4,8,0.8162031438935913,0.88,0.01,3
0.5,8,0.8258345428156749,0.8837209302325582,0.01,3
0.6,8,0.822141560798548,0.8922518159806295,0.01,3
0.7000000000000001,8,0.8236714975845411,0.9034267912772586,0.01,3
0.8,8,0.8478260869565217,0.9128065395095368,0.01,3
0.9,8,0.8333333333333334,0.9217110573042776,0.01,3
0.1,9,0.7790322580645161,0.8540145985401459,0.01,3
0.2,9,0.7903811252268602,0.8654545454545455,0.01,3
0.30000000000000004,9,0.8101659751037344,0.8135593220338984,0.001,3
0.4,9,0.8258766626360339,0.8836363636363637,0.01,3
0.5,9,0.8258345428156749,0.8924418604651163,0.01,3
0.6,9,0.8239564428312159,0.9007263922518159,0.01,3
0.7000000000000001,9,0.8454106280193237,0.9023883696780893,0.01,3
0.8,9,0.8333333333333334,0.9137148047229791,0.01,3
0.9,9,0.8405797101449275,0.9209039548022598,0.01,3
