wvrn_acc,wvrn_std,ratio,nlb_acc,nlb_std
0.6190476190476191,0.02892836719400667,0.1,0.5003228410008072,0.06560071454444512
0.6493647912885662,0.009216472183236861,0.2,0.502994555353902,0.06362600408739787
0.6820539419087137,0.011132337504844577,0.30000000000000004,0.5029045643153527,0.062334338605792815
0.6939467312348667,0.01368270852479799,0.4,0.5228813559322034,0.057549436363562245
0.7122093023255814,0.014405105375308607,0.5,0.5963662790697674,0.03601634824082711
0.7237749546279492,0.018245357286044084,0.6,0.7814882032667876,0.009984600622275984
0.7401937046004842,0.027819876106404635,0.7000000000000001,0.7878934624697337,0.01666622695611339
0.7447272727272727,0.019149980759400245,0.8,0.7934545454545455,0.019828465499809506
0.7326086956521739,0.022774588533957797,0.9,0.8028985507246377,0.017350999996200947
