ratio,run,cluster_acc,cluster_acc_train,best_C,depth
0.1,0,0.7354838709677419,0.6934306569343066,10.0,0
0.2,0,0.7196007259528131,0.7381818181818182,10.0,0
0.30000000000000004,0,0.7551867219917012,0.7263922518159807,1.0,0
0.4,0,0.7629987908101572,0.7345454545454545,10.0,0
0.5,0,0.7735849056603774,0.7703488372093024,100.0,0
0.6,0,0.7695099818511797,0.7699757869249395,0.1,0
0.7000000000000001,0,0.7657004830917874,0.7860851505711319,0.1,0
0.8,0,0.7717391304347826,0.7774750227066304,0.1,0
0.9,0,0.8260869565217391,0.7796610169491526,0.1,0
0.1,1,0.714516129032258,0.7372262773722628,10.0,0
0.2,1,0.7558983666061706,0.7381818181818182,10.0,0
0.30000000000000004,1,0.7468879668049793,0.738498789346247,0.1,0
0.4,1,0.7762998790810157,0.7436363636363637,0.1,0
0.5,1,0.7735849056603774,0.7543604651162791,1.0,0
0.6,1,0.8003629764065335,0.7518159806295399,100.0,0
0.7000000000000001,1,0.8019323671497585,0.7632398753894081,0.1,0
0.8,1,0.8043478260869565,0.7683923705722071,0.1,0
0.9,1,0.782608695652174,0.7796610169491526,1.0,0
0.1,2,0.7314516129032258,0.8102189781021898,10.0,0
0.2,2,0.7486388384754991,0.8036363636363636,0.1,0
0.30000000000000004,2,0.7510373443983402,0.7917675544794189,1.0,0
0.4,2,0.7412333736396615,0.7927272727272727,0.1,0
0.5,2,0.7561683599419449,0.7747093023255814,1.0,0
0.6,2,0.7604355716878403,0.7820823244552058,0.1,0
0.7000000000000001,2,0.7536231884057971,0.7933541017653167,1.0,0
0.8,2,0.7391304347826086,0.7920072661217076,0.1,0
0.9,2,0.7101449275362319,0.7909604519774012,1.0,0
0.1,3,0.7024193548387097,0.7664233576642335,1.0,0
0.2,3,0.7332123411978222,0.7781818181818182,10.0,0
0.30000000000000004,3,0.7313278008298755,0.7699757869249395,1.0,0
0.4,3,0.7762998790810157,0.7763636363636364,10.0,0
0.5,3,0.7793904208998549,0.7747093023255814,1.0,0
0.6,3,0.778584392014519,0.7578692493946732,0.1,0
0.7000000000000001,3,0.8140096618357487,0.7528556593977155,0.1,0
0.8,3,0.855072463768116,0.7611262488646685,1.0,0
0.9,3,0.8913043478260869,0.7667473769168685,0.1,0
0.1,4,0.7225806451612903,0.7591240875912408,0.1,0
0.2,4,0.7604355716878403,0.7127272727272728,1.0,0
0.30000000000000004,4,0.770746887966805,0.7481840193704601,1.0,0
0.4,4,0.7847642079806529,0.7490909090909091,1.0,0
0.5,4,0.7735849056603774,0.7645348837209303,1.0,0
0.6,4,0.7713248638838476,0.7832929782082324,0.1,0
0.7000000000000001,4,0.785024154589372,0.778816199376947,1.0,0
0.8,4,0.7898550724637681,0.7801998183469573,1.0,0
0.9,4,0.7463768115942029,0.7836965294592413,1.0,0
0.1,5,0.7306451612903225,0.781021897810219,1000.0,0
0.2,5,0.7513611615245009,0.8072727272727273,1.0,0
0.30000000000000004,5,0.7562240663900415,0.8111380145278451,1.0,0
0.4,5,0.7460701330108828,0.8,10.0,0
0.5,5,0.7619738751814223,0.7965116279069767,0.1,0
0.6,5,0.7604355716878403,0.7796610169491526,10.0,0
0.7000000000000001,5,0.7560386473429952,0.7829698857736241,1.0,0
0.8,5,0.7391304347826086,0.7838328792007266,10.0,0
0.9,5,0.7028985507246377,0.7893462469733656,0.1,0
0.1,6,0.7258064516129032,0.6861313868613139,0.1,0
0.2,6,0.7413793103448276,0.7636363636363637,100.0,0
0.30000000000000004,6,0.7603734439834025,0.7167070217917676,1.0,0
0.4,6,0.7642079806529625,0.7654545454545455,10.0,0
0.5,6,0.7561683599419449,0.7805232558139535,1.0,0
0.6,6,0.7767695099818511,0.7760290556900726,1.0,0
0.7000000000000001,6,0.7922705314009661,0.7673935617860852,1.0,0
0.8,6,0.7971014492753623,0.7683923705722071,0.1,0
0.9,6,0.7971014492753623,0.774818401937046,0.1,0
0.1,7,0.7258064516129032,0.7591240875912408,10.0,0
0.2,7,0.7658802177858439,0.7672727272727272,0.1,0
0.30000000000000004,7,0.7873443983402489,0.7506053268765133,1.0,0
0.4,7,0.7738814993954051,0.7745454545454545,1.0,0
0.5,7,0.7706821480406386,0.7994186046511628,1.0,0
0.6,7,0.7767695099818511,0.7796610169491526,0.1,0
0.7000000000000001,7,0.8019323671497585,0.7798546209761164,1.0,0
0.8,7,0.7717391304347826,0.7774750227066304,10.0,0
0.9,7,0.782608695652174,0.7788539144471348,1.0,0
0.1,8,0.7193548387096774,0.7445255474452555,0.1,0
0.2,8,0.7332123411978222,0.7454545454545455,10.0,0
0.30000000000000004,8,0.7479253112033195,0.7723970944309927,10.0,0
0.4,8,0.7448609431680774,0.7909090909090909,1.0,0
0.5,8,0.7779390420899854,0.7761627906976745,0.1,0
0.6,8,0.7803992740471869,0.7760290556900726,1.0,0
0.7000000000000001,8,0.782608695652174,0.7840083073727934,1.0,0
0.8,8,0.8079710144927537,0.773841961852861,1.0,0
0.9,8,0.7391304347826086,0.7820823244552058,10.0,0
0.1,9,0.7387096774193549,0.7226277372262774,10.0,0
0.2,9,0.7313974591651543,0.7454545454545455,0.1,0
0.30000000000000004,9,0.745850622406639,0.7530266343825666,1.0,0
0.4,9,0.7617896009673518,0.7636363636363637,1.0,0
0.5,9,0.7677793904208998,0.7732558139534884,1.0,0
0.6,9,0.7894736842105263,0.7808716707021792,1.0,0
0.7000000000000001,9,0.785024154589372,0.7829698857736241,0.1,0
0.8,9,0.7862318840579711,0.7883742052679382,0.1,0
0.9,9,0.7971014492753623,0.784503631961259,10.0,0
0.1,0,0.7411290322580645,0.708029197080292,10.0,1
0.2,0,0.7313974591651543,0.7527272727272727,10.0,1
0.30000000000000004,0,0.7645228215767634,0.738498789346247,100.0,1
0.4,0,0.7690447400241838,0.7509090909090909,1.0,1
0.5,0,0.783744557329463,0.7790697674418605,10.0,1
0.6,0,0.7876588021778584,0.7966101694915254,100.0,1
0.7000000000000001,0,0.8019323671497585,0.8130841121495327,100.0,1
0.8,0,0.8297101449275363,0.8092643051771117,1000.0,1
0.9,0,0.8478260869565217,0.8127522195318806,10.0,1
0.1,1,0.7185483870967742,0.7737226277372263,10.0,1
0.2,1,0.7540834845735027,0.7818181818181819,1000.0,1
0.30000000000000004,1,0.7686721991701245,0.7699757869249395,10.0,1
0.4,1,0.7980652962515115,0.7727272727272727,10.0,1
0.5,1,0.8127721335268505,0.7819767441860465,10.0,1
0.6,1,0.8257713248638838,0.7760290556900726,1000.0,1
0.7000000000000001,1,0.8405797101449275,0.794392523364486,10.0,1
0.8,1,0.8115942028985508,0.8056312443233424,10.0,1
0.9,1,0.7971014492753623,0.8175948345439871,10.0,1
0.1,2,0.7346774193548387,0.8102189781021898,10.0,1
0.2,2,0.7549909255898367,0.8145454545454546,100.0,1
0.30000000000000004,2,0.7614107883817427,0.8062953995157385,10.0,1
0.4,2,0.7714631197097944,0.8090909090909091,1.0,1
0.5,2,0.783744557329463,0.8052325581395349,100.0,1
0.6,2,0.7894736842105263,0.8196125907990315,100.0,1
0.7000000000000001,2,0.7946859903381642,0.8110072689511942,10.0,1
0.8,2,0.7717391304347826,0.8237965485921889,10.0,1
0.9,2,0.7536231884057971,0.831315577078289,1000.0,1
0.1,3,0.7040322580645161,0.7737226277372263,1.0,1
0.2,3,0.7513611615245009,0.7963636363636364,100.0,1
0.30000000000000004,3,0.7427385892116183,0.7917675544794189,10.0,1
0.4,3,0.7908101571946796,0.7854545454545454,1000.0,1
0.5,3,0.7866473149492017,0.7936046511627907,100.0,1
0.6,3,0.8112522686025408,0.788135593220339,10.0,1
0.7000000000000001,3,0.8333333333333334,0.7840083073727934,1000.0,1
0.8,3,0.8804347826086957,0.7920072661217076,10.0,1
0.9,3,0.8985507246376812,0.8022598870056498,1.0,1
0.1,4,0.7338709677419355,0.7664233576642335,0.1,1
0.2,4,0.7695099818511797,0.7381818181818182,10.0,1
0.30000000000000004,4,0.779045643153527,0.7554479418886199,1.0,1
0.4,4,0.7992744860943168,0.7818181818181819,10.0,1
0.5,4,0.7939042089985486,0.7848837209302325,10.0,1
0.6,4,0.7967332123411979,0.8050847457627118,1000.0,1
0.7000000000000001,4,0.8140096618357487,0.8058151609553479,100.0,1
0.8,4,0.8115942028985508,0.8138056312443234,100.0,1
0.9,4,0.7898550724637681,0.8167877320419693,10.0,1
0.1,5,0.7290322580645161,0.781021897810219,10.0,1
0.2,5,0.7676950998185118,0.8109090909090909,1000.0,1
0.30000000000000004,5,0.7697095435684648,0.8232445520581114,1000.0,1
0.4,5,0.7581620314389359,0.8054545454545454,1.0,1
0.5,5,0.7822931785195936,0.7979651162790697,10.0,1
0.6,5,0.7931034482758621,0.7869249394673123,10.0,1
0.7000000000000001,5,0.7922705314009661,0.7985462097611631,100.0,1
0.8,5,0.8043478260869565,0.8074477747502271,100.0,1
0.9,5,0.782608695652174,0.8224374495560937,100.0,1
0.1,6,0.7241935483870968,0.6861313868613139,0.1,1
0.2,6,0.7504537205081669,0.7636363636363637,100.0,1
0.30000000000000004,6,0.783195020746888,0.7602905569007264,10.0,1
0.4,6,0.7908101571946796,0.7763636363636364,100.0,1
0.5,6,0.7866473149492017,0.7877906976744186,10.0,1
0.6,6,0.8021778584392014,0.8026634382566586,1000.0,1
0.7000000000000001,6,0.7971014492753623,0.8016614745586709,1000.0,1
0.8,6,0.8115942028985508,0.7965485921889192,1000.0,1
0.9,6,0.8333333333333334,0.8119451170298628,10.0,1
0.1,7,0.7548387096774194,0.8029197080291971,1000.0,1
0.2,7,0.7803992740471869,0.76,100.0,1
0.30000000000000004,7,0.7883817427385892,0.7627118644067796,100.0,1
0.4,7,0.7944377267230955,0.8,100.0,1
0.5,7,0.7808417997097242,0.8008720930232558,1.0,1
0.6,7,0.8130671506352087,0.8135593220338984,1000.0,1
0.7000000000000001,7,0.8285024154589372,0.8016614745586709,1000.0,1
0.8,7,0.8115942028985508,0.8110808356039964,100.0,1
0.9,7,0.8115942028985508,0.8208232445520581,10.0,1
0.1,8,0.717741935483871,0.7445255474452555,0.1,1
0.2,8,0.7477313974591652,0.7490909090909091,100.0,1
0.30000000000000004,8,0.754149377593361,0.7796610169491526,1.0,1
0.4,8,0.7666263603385731,0.8,100.0,1
0.5,8,0.7982583454281568,0.7936046511627907,10.0,1
0.6,8,0.8058076225045372,0.801452784503632,10.0,1
0.7000000000000001,8,0.8019323671497585,0.8078920041536864,1000.0,1
0.8,8,0.8297101449275363,0.7992733878292462,100.0,1
0.9,8,0.8043478260869565,0.8167877320419693,10.0,1
0.1,9,0.7379032258064516,0.7226277372262774,100.0,1
0.2,9,0.7540834845735027,0.7381818181818182,1.0,1
0.30000000000000004,9,0.754149377593361,0.7554479418886199,1.0,1
0.4,9,0.7654171704957679,0.7563636363636363,1.0,1
0.5,9,0.7982583454281568,0.7790697674418605,10.0,1
0.6,9,0.8058076225045372,0.7966101694915254,1.0,1
0.7000000000000001,9,0.8236714975845411,0.8037383177570093,100.0,1
0.8,9,0.822463768115942,0.8110808356039964,10.0,1
0.9,9,0.7898550724637681,0.8175948345439871,1000.0,1
0.1,0,0.7774193548387097,0.7664233576642335,10.0,2
0.2,0,0.7931034482758621,0.8145454545454546,100.0,2
0.30000000000000004,0,0.8246887966804979,0.7796610169491526,10.0,2
0.4,0,0.8307134220072552,0.7945454545454546,10.0,2
0.5,0,0.8229317851959361,0.8197674418604651,10.0,2
0.6,0,0.8166969147005445,0.8317191283292978,1000.0,2
0.7000000000000001,0,0.821256038647343,0.8276220145379024,100.0,2
0.8,0,0.8333333333333334,0.8247048138056312,100.0,2
0.9,0,0.8333333333333334,0.8321226795803067,1000.0,2
0.1,1,0.792741935483871,0.8467153284671532,10.0,2
0.2,1,0.7958257713248639,0.8254545454545454,10.0,2
0.30000000000000004,1,0.803941908713693,0.8208232445520581,100.0,2
0.4,1,0.8198307134220073,0.8072727272727273,100.0,2
0.5,1,0.8272859216255443,0.813953488372093,10.0,2
0.6,1,0.8203266787658802,0.8220338983050848,10.0,2
0.7000000000000001,1,0.821256038647343,0.818276220145379,100.0,2
0.8,1,0.8007246376811594,0.8292461398728429,10.0,2
0.9,1,0.7681159420289855,0.8361581920903954,10.0,2
0.1,2,0.7556451612903226,0.8394160583941606,10.0,2
0.2,2,0.7658802177858439,0.8472727272727273,10.0,2
0.30000000000000004,2,0.7873443983402489,0.8232445520581114,10.0,2
0.4,2,0.8004836759371221,0.8436363636363636,100.0,2
0.5,2,0.7982583454281568,0.8212209302325582,10.0,2
0.6,2,0.7894736842105263,0.8232445520581114,10.0,2
0.7000000000000001,2,0.7898550724637681,0.8203530633437176,10.0,2
0.8,2,0.8043478260869565,0.8256130790190735,1000.0,2
0.9,2,0.782608695652174,0.83454398708636,100.0,2
0.1,3,0.7741935483870968,0.8613138686131386,100.0,2
0.2,3,0.7903811252268602,0.8545454545454545,100.0,2
0.30000000000000004,3,0.7852697095435685,0.8523002421307506,10.0,2
0.4,3,0.7968561064087062,0.8272727272727273,1.0,2
0.5,3,0.8171262699564587,0.8255813953488372,1.0,2
0.6,3,0.8275862068965517,0.8220338983050848,10.0,2
0.7000000000000001,3,0.8526570048309179,0.8172377985462098,100.0,2
0.8,3,0.8913043478260869,0.810172570390554,10.0,2
0.9,3,0.9420289855072463,0.8175948345439871,1000.0,2
0.1,4,0.7766129032258065,0.8248175182481752,10.0,2
0.2,4,0.7976406533575318,0.8363636363636363,1.0,2
0.30000000000000004,4,0.8153526970954357,0.8280871670702179,100.0,2
0.4,4,0.8270858524788391,0.8127272727272727,1000.0,2
0.5,4,0.8301886792452831,0.8270348837209303,100.0,2
0.6,4,0.8130671506352087,0.8292978208232445,100.0,2
0.7000000000000001,4,0.8164251207729468,0.8307372793354102,10.0,2
0.8,4,0.8297101449275363,0.8301544050862852,100.0,2
0.9,4,0.782608695652174,0.8369652945924132,1000.0,2
0.1,5,0.7588709677419355,0.7883211678832117,1.0,2
0.2,5,0.8003629764065335,0.850909090909091,1000.0,2
0.30000000000000004,5,0.7697095435684648,0.8256658595641646,0.1,2
0.4,5,0.7908101571946796,0.8254545454545454,100.0,2
0.5,5,0.795355587808418,0.8328488372093024,10.0,2
0.6,5,0.8239564428312159,0.8147699757869249,100.0,2
0.7000000000000001,5,0.8019323671497585,0.8276220145379024,10.0,2
0.8,5,0.7898550724637681,0.8256130790190735,10.0,2
0.9,5,0.782608695652174,0.8369652945924132,1000.0,2
0.1,6,0.7516129032258064,0.7299270072992701,10.0,2
0.2,6,0.7822141560798548,0.8254545454545454,10.0,2
0.30000000000000004,6,0.7904564315352697,0.7796610169491526,10.0,2
0.4,6,0.8077388149939541,0.7927272727272727,100.0,2
0.5,6,0.8055152394775036,0.813953488372093,10.0,2
0.6,6,0.8039927404718693,0.8159806295399515,1.0,2
0.7000000000000001,6,0.8309178743961353,0.8120456905503635,10.0,2
0.8,6,0.8260869565217391,0.810172570390554,10.0,2
0.9,6,0.8478260869565217,0.8159806295399515,1.0,2
0.1,7,0.785483870967742,0.8905109489051095,1000.0,2
0.2,7,0.7967332123411979,0.8218181818181818,10.0,2
0.30000000000000004,7,0.8132780082987552,0.8232445520581114,10.0,2
0.4,7,0.8137847642079806,0.8327272727272728,10.0,2
0.5,7,0.8127721335268505,0.8386627906976745,100.0,2
0.6,7,0.8312159709618875,0.8365617433414043,1000.0,2
0.7000000000000001,7,0.8309178743961353,0.8234683281412254,10.0,2
0.8,7,0.8260869565217391,0.8319709355131698,1000.0,2
0.9,7,0.8043478260869565,0.8248587570621468,1.0,2
0.1,8,0.7588709677419355,0.781021897810219,10.0,2
0.2,8,0.79491833030853,0.8036363636363636,10.0,2
0.30000000000000004,8,0.7946058091286307,0.8038740920096852,10.0,2
0.4,8,0.7920193470374849,0.8181818181818182,100.0,2
0.5,8,0.8127721335268505,0.811046511627907,10.0,2
0.6,8,0.809437386569873,0.8135593220338984,10.0,2
0.7000000000000001,8,0.8140096618357487,0.8172377985462098,1000.0,2
0.8,8,0.822463768115942,0.8174386920980926,10.0,2
0.9,8,0.8115942028985508,0.8240516545601292,10.0,2
0.1,9,0.7588709677419355,0.7518248175182481,1.0,2
0.2,9,0.7858439201451906,0.8,100.0,2
0.30000000000000004,9,0.8008298755186722,0.7966101694915254,1.0,2
0.4,9,0.8053204353083434,0.8036363636363636,10.0,2
0.5,9,0.8258345428156749,0.7994186046511628,100.0,2
0.6,9,0.8185117967332124,0.8220338983050848,1000.0,2
0.7000000000000001,9,0.8478260869565217,0.814122533748702,1000.0,2
0.8,9,0.8260869565217391,0.8256130790190735,1000.0,2
0.9,9,0.8188405797101449,0.8297013720742534,1000.0,2
