ratio,run,cluster_acc,cluster_acc_train,best_C,restart
0.1,0,0.5629032258064516,0.5693430656934306,0.001,0.1
0.2,0,0.5635208711433757,0.5636363636363636,0.001,0.1
0.30000000000000004,0,0.5612033195020747,0.5690072639225182,0.001,0.1
0.4,0,0.5453446191051995,0.5909090909090909,0.001,0.1
0.5,0,0.5399129172714079,0.5872093023255814,0.001,0.1
0.6,0,0.5263157894736842,0.5883777239709443,0.001,0.1
0.7000000000000001,0,0.5241545893719807,0.5804776739356179,0.001,0.1
0.8,0,0.5217391304347826,0.5740236148955495,0.001,0.1
0.9,0,0.5579710144927537,1.0,1000.0,0.1
0.1,1,0.5629032258064516,0.5693430656934306,0.001,0.1
0.2,1,0.5671506352087115,0.5490909090909091,0.001,0.1
0.30000000000000004,1,0.5684647302904564,0.5520581113801453,0.001,0.1
0.4,1,0.5755743651753326,0.5454545454545454,0.001,0.1
0.5,1,0.5732946298984035,0.5537790697674418,0.001,0.1
0.6,1,0.5662431941923775,0.5617433414043583,0.001,0.1
0.7000000000000001,1,0.5869565217391305,0.553478712357217,0.001,0.1
0.8,1,0.5615942028985508,0.5640326975476839,0.001,0.1
0.9,1,0.5797101449275363,1.0,100.0,0.1
0.1,2,0.5637096774193548,0.5620437956204379,0.001,0.1
0.2,2,0.5680580762250453,0.5454545454545454,0.001,0.1
0.30000000000000004,2,0.5695020746887967,1.0,100.0,0.1
0.4,2,0.5634824667472793,1.0,1000.0,0.1
0.5,2,0.5616835994194485,1.0,1000.0,0.1
0.6,2,0.5662431941923775,0.5617433414043583,0.001,0.1
0.7000000000000001,2,0.5917874396135265,1.0,100.0,0.1
0.8,2,0.6123188405797102,1.0,1000.0,0.1
0.9,2,0.572463768115942,0.5625504439063761,0.001,0.1
0.1,3,0.5596774193548387,0.5985401459854015,0.001,0.1
0.2,3,0.5562613430127041,0.5927272727272728,0.001,0.1
0.30000000000000004,3,0.5632780082987552,0.5641646489104116,0.001,0.1
0.4,3,0.5695284159613059,0.5545454545454546,0.001,0.1
0.5,3,0.5573294629898403,0.5697674418604651,0.001,0.1
0.6,3,0.5662431941923775,1.0,1000.0,0.1
0.7000000000000001,3,0.572463768115942,1.0,100.0,0.1
0.8,3,0.572463768115942,1.0,1000.0,0.1
0.9,3,0.5797101449275363,1.0,100.0,0.1
0.1,4,0.5653225806451613,0.5474452554744526,0.001,0.1
0.2,4,0.5644283121597096,0.56,0.001,0.1
0.30000000000000004,4,0.5643153526970954,0.5617433414043583,0.001,0.1
0.4,4,0.562273276904474,1.0,1000.0,0.1
0.5,4,0.5660377358490566,1.0,100.0,0.1
0.6,4,0.558983666061706,1.0,1000.0,0.1
0.7000000000000001,4,0.5579710144927537,1.0,1000.0,0.1
0.8,4,0.5217391304347826,0.5740236148955495,0.001,0.1
0.9,4,0.5507246376811594,1.0,1000.0,0.1
0.1,5,0.5629032258064516,0.5693430656934306,0.001,0.1
0.2,5,0.5617059891107078,0.5709090909090909,0.001,0.1
0.30000000000000004,5,0.5570539419087137,0.5786924939467313,0.001,0.1
0.4,5,0.5525997581620314,0.58,0.001,0.1
0.5,5,0.5500725689404935,0.5770348837209303,0.001,0.1
0.6,5,0.5517241379310345,0.5714285714285714,0.001,0.1
0.7000000000000001,5,0.5676328502415459,0.5617860851505712,0.001,0.1
0.8,5,0.5652173913043478,1.0,100.0,0.1
0.9,5,0.5289855072463768,1.0,100.0,0.1
0.1,6,0.5685483870967742,0.5182481751824818,0.001,0.1
0.2,6,0.5626134301270418,0.5672727272727273,0.001,0.1
0.30000000000000004,6,0.5570539419087137,0.5786924939467313,0.001,0.1
0.4,6,0.562273276904474,0.5654545454545454,0.001,0.1
0.5,6,0.579100145137881,0.5479651162790697,0.001,0.1
0.6,6,0.5753176043557169,0.5556900726392252,0.001,0.1
0.7000000000000001,6,0.5772946859903382,0.557632398753894,0.001,0.1
0.8,6,0.5942028985507246,1.0,1000.0,0.1
0.9,6,0.5652173913043478,1.0,100.0,0.1
0.1,7,0.5637096774193548,0.5620437956204379,0.001,0.1
0.2,7,0.5689655172413793,0.5418181818181819,0.001,0.1
0.30000000000000004,7,0.5674273858921162,0.5544794188861986,0.001,0.1
0.4,7,0.5683192261185006,0.5563636363636364,0.001,0.1
0.5,7,0.5631349782293179,0.563953488372093,0.001,0.1
0.6,7,0.5644283121597096,1.0,1000.0,0.1
0.7000000000000001,7,0.5628019323671497,1.0,1000.0,0.1
0.8,7,0.5507246376811594,1.0,100.0,0.1
0.9,7,0.5434782608695652,1.0,100.0,0.1
0.1,8,0.4814516129032258,1.0,1000.0,0.1
0.2,8,0.5662431941923775,0.5527272727272727,0.001,0.1
0.30000000000000004,8,0.5674273858921162,0.5544794188861986,0.001,0.1
0.4,8,0.5683192261185006,0.5563636363636364,0.001,0.1
0.5,8,0.5732946298984035,0.5537790697674418,0.001,0.1
0.6,8,0.5825771324863884,0.5508474576271186,0.001,0.1
0.7000000000000001,8,0.6135265700483091,1.0,1000.0,0.1
0.8,8,0.6014492753623188,1.0,1000.0,0.1
0.9,8,0.6231884057971014,1.0,1000.0,0.1
0.1,9,0.5612903225806452,0.583941605839416,0.001,0.1
0.2,9,0.5607985480943739,0.5745454545454546,0.001,0.1
0.30000000000000004,9,0.549792531120332,0.5956416464891041,0.001,0.1
0.4,9,0.5550181378476421,0.5763636363636364,0.001,0.1
0.5,9,0.5471698113207547,0.5799418604651163,0.001,0.1
0.6,9,0.558983666061706,0.5665859564164649,0.001,0.1
0.7000000000000001,9,0.5458937198067633,0.5711318795430945,0.001,0.1
0.8,9,0.5398550724637681,1.0,1000.0,0.1
0.9,9,0.5289855072463768,1.0,100.0,0.1
0.1,0,0.5629032258064516,0.5693430656934306,0.001,0.30000000000000004
0.2,0,0.5635208711433757,0.5636363636363636,0.001,0.30000000000000004
0.30000000000000004,0,0.5612033195020747,0.5690072639225182,0.001,0.30000000000000004
0.4,0,0.5465538089480049,1.0,10.0,0.30000000000000004
0.5,0,0.5921625544267054,1.0,1000.0,0.30000000000000004
0.6,0,0.6279491833030852,1.0,1000.0,0.30000000000000004
0.7000000000000001,0,0.6859903381642513,1.0,1000.0,0.30000000000000004
0.8,0,0.7137681159420289,1.0,1000.0,0.30000000000000004
0.9,0,0.7898550724637681,1.0,1000.0,0.30000000000000004
0.1,1,0.5629032258064516,0.5693430656934306,0.001,0.30000000000000004
0.2,1,0.5671506352087115,0.5490909090909091,0.001,0.30000000000000004
0.30000000000000004,1,0.6639004149377593,1.0,1000.0,0.30000000000000004
0.4,1,0.7436517533252721,1.0,1000.0,0.30000000000000004
0.5,1,0.7503628447024674,1.0,1000.0,0.30000000000000004
0.6,1,0.7803992740471869,1.0,1000.0,0.30000000000000004
0.7000000000000001,1,0.8043478260869565,1.0,1000.0,0.30000000000000004
0.8,1,0.7971014492753623,1.0,1000.0,0.30000000000000004
0.9,1,0.8043478260869565,1.0,1000.0,0.30000000000000004
0.1,2,0.5637096774193548,0.5620437956204379,0.001,0.30000000000000004
0.2,2,0.6415607985480943,1.0,1000.0,0.30000000000000004
0.30000000000000004,2,0.7043568464730291,1.0,1000.0,0.30000000000000004
0.4,2,0.694074969770254,1.0,1000.0,0.30000000000000004
0.5,2,0.7010159651669086,1.0,1000.0,0.30000000000000004
0.6,2,0.73502722323049,1.0,1000.0,0.30000000000000004
0.7000000000000001,2,0.7729468599033816,1.0,1000.0,0.30000000000000004
0.8,2,0.7608695652173914,1.0,1000.0,0.30000000000000004
0.9,2,0.7608695652173914,1.0,1000.0,0.30000000000000004
0.1,3,0.5596774193548387,0.5985401459854015,0.001,0.30000000000000004
0.2,3,0.5562613430127041,0.5927272727272728,0.001,0.30000000000000004
0.30000000000000004,3,0.6203319502074689,1.0,1000.0,0.30000000000000004
0.4,3,0.7218863361547763,1.0,1000.0,0.30000000000000004
0.5,3,0.6821480406386067,1.0,1000.0,0.30000000000000004
0.6,3,0.7386569872958257,1.0,1000.0,0.30000000000000004
0.7000000000000001,3,0.7801932367149759,1.0,1000.0,0.30000000000000004
0.8,3,0.8007246376811594,1.0,1000.0,0.30000000000000004
0.9,3,0.8260869565217391,1.0,1000.0,0.30000000000000004
0.1,4,0.5653225806451613,0.5474452554744526,0.001,0.30000000000000004
0.2,4,0.5816696914700544,1.0,1000.0,0.30000000000000004
0.30000000000000004,4,0.6089211618257261,1.0,1000.0,0.30000000000000004
0.4,4,0.6396614268440145,1.0,1000.0,0.30000000000000004
0.5,4,0.7024673439767779,1.0,1000.0,0.30000000000000004
0.6,4,0.7259528130671506,1.0,1000.0,0.30000000000000004
0.7000000000000001,4,0.7536231884057971,1.0,1000.0,0.30000000000000004
0.8,4,0.7391304347826086,1.0,1000.0,0.30000000000000004
0.9,4,0.7608695652173914,1.0,1000.0,0.30000000000000004
0.1,5,0.5629032258064516,0.5693430656934306,0.001,0.30000000000000004
0.2,5,0.5617059891107078,0.5709090909090909,0.001,0.30000000000000004
0.30000000000000004,5,0.5570539419087137,0.5786924939467313,0.001,0.30000000000000004
0.4,5,0.6130592503022975,1.0,1000.0,0.30000000000000004
0.5,5,0.6531204644412192,1.0,1000.0,0.30000000000000004
0.6,5,0.7259528130671506,1.0,1000.0,0.30000000000000004
0.7000000000000001,5,0.782608695652174,1.0,1000.0,0.30000000000000004
0.8,5,0.8043478260869565,1.0,1000.0,0.30000000000000004
0.9,5,0.7391304347826086,1.0,1000.0,0.30000000000000004
0.1,6,0.6580645161290323,1.0,1000.0,0.30000000000000004
0.2,6,0.5626134301270418,0.5672727272727273,0.001,0.30000000000000004
0.30000000000000004,6,0.5591286307053942,1.0,100.0,0.30000000000000004
0.4,6,0.6626360338573156,1.0,1000.0,0.30000000000000004
0.5,6,0.7576197387518142,1.0,1000.0,0.30000000000000004
0.6,6,0.7622504537205081,1.0,1000.0,0.30000000000000004
0.7000000000000001,6,0.7681159420289855,1.0,1000.0,0.30000000000000004
0.8,6,0.8115942028985508,1.0,1000.0,0.30000000000000004
0.9,6,0.7753623188405797,1.0,1000.0,0.30000000000000004
0.1,7,0.5637096774193548,0.5620437956204379,0.001,0.30000000000000004
0.2,7,0.6143375680580763,1.0,1000.0,0.30000000000000004
0.30000000000000004,7,0.5674273858921162,0.5544794188861986,0.001,0.30000000000000004
0.4,7,0.6904474002418379,1.0,1000.0,0.30000000000000004
0.5,7,0.7111756168359942,1.0,1000.0,0.30000000000000004
0.6,7,0.7332123411978222,1.0,1000.0,0.30000000000000004
0.7000000000000001,7,0.7729468599033816,1.0,1000.0,0.30000000000000004
0.8,7,0.7753623188405797,1.0,1000.0,0.30000000000000004
0.9,7,0.7898550724637681,1.0,1000.0,0.30000000000000004
0.1,8,0.6201612903225806,1.0,1000.0,0.30000000000000004
0.2,8,0.5662431941923775,0.5527272727272727,0.001,0.30000000000000004
0.30000000000000004,8,0.6483402489626556,1.0,1000.0,0.30000000000000004
0.4,8,0.6759371221281741,1.0,1000.0,0.30000000000000004
0.5,8,0.7184325108853411,1.0,1000.0,0.30000000000000004
0.6,8,0.7767695099818511,1.0,1000.0,0.30000000000000004
0.7000000000000001,8,0.8091787439613527,1.0,1000.0,0.30000000000000004
0.8,8,0.8260869565217391,1.0,1000.0,0.30000000000000004
0.9,8,0.7753623188405797,1.0,1000.0,0.30000000000000004
0.1,9,0.5612903225806452,0.583941605839416,0.001,0.30000000000000004
0.2,9,0.5607985480943739,0.5745454545454546,0.001,0.30000000000000004
0.30000000000000004,9,0.549792531120332,0.5956416464891041,0.001,0.30000000000000004
0.4,9,0.5949214026602176,1.0,100.0,0.30000000000000004
0.5,9,0.660377358490566,1.0,1000.0,0.30000000000000004
0.6,9,0.7386569872958257,1.0,1000.0,0.30000000000000004
0.7000000000000001,9,0.7439613526570048,1.0,1000.0,0.30000000000000004
0.8,9,0.7681159420289855,1.0,1000.0,0.30000000000000004
0.9,9,0.7463768115942029,1.0,1000.0,0.30000000000000004
0.1,0,0.5629032258064516,0.5693430656934306,0.001,0.5000000000000001
0.2,0,0.691470054446461,1.0,1000.0,0.5000000000000001
0.30000000000000004,0,0.7188796680497925,1.0,1000.0,0.5000000000000001
0.4,0,0.7073760580411125,1.0,1000.0,0.5000000000000001
0.5,0,0.7445573294629898,1.0,1000.0,0.5000000000000001
0.6,0,0.7622504537205081,1.0,1000.0,0.5000000000000001
0.7000000000000001,0,0.7681159420289855,1.0,100.0,0.5000000000000001
0.8,0,0.7644927536231884,1.0,100.0,0.5000000000000001
0.9,0,0.8115942028985508,1.0,1000.0,0.5000000000000001
0.1,1,0.5629032258064516,0.5693430656934306,0.001,0.5000000000000001
0.2,1,0.7504537205081669,1.0,1000.0,0.5000000000000001
0.30000000000000004,1,0.7572614107883817,1.0,1000.0,0.5000000000000001
0.4,1,0.7750906892382105,1.0,1000.0,0.5000000000000001
0.5,1,0.7910014513788098,1.0,1000.0,0.5000000000000001
0.6,1,0.8148820326678766,1.0,1000.0,0.5000000000000001
0.7000000000000001,1,0.8115942028985508,1.0,100.0,0.5000000000000001
0.8,1,0.8007246376811594,1.0,100.0,0.5000000000000001
0.9,1,0.8260869565217391,1.0,1000.0,0.5000000000000001
0.1,2,0.5637096774193548,0.5620437956204379,0.001,0.5000000000000001
0.2,2,0.7468239564428312,1.0,1000.0,0.5000000000000001
0.30000000000000004,2,0.770746887966805,1.0,1000.0,0.5000000000000001
0.4,2,0.7642079806529625,1.0,1000.0,0.5000000000000001
0.5,2,0.7779390420899854,1.0,1000.0,0.5000000000000001
0.6,2,0.7767695099818511,1.0,1000.0,0.5000000000000001
0.7000000000000001,2,0.782608695652174,1.0,1000.0,0.5000000000000001
0.8,2,0.7536231884057971,1.0,1000.0,0.5000000000000001
0.9,2,0.7391304347826086,1.0,100.0,0.5000000000000001
0.1,3,0.5596774193548387,0.5985401459854015,0.001,0.5000000000000001
0.2,3,0.5989110707803993,1.0,1000.0,0.5000000000000001
0.30000000000000004,3,0.7406639004149378,1.0,1000.0,0.5000000000000001
0.4,3,0.7787182587666264,1.0,1000.0,0.5000000000000001
0.5,3,0.7677793904208998,1.0,1000.0,0.5000000000000001
0.6,3,0.7912885662431942,1.0,1000.0,0.5000000000000001
0.7000000000000001,3,0.8164251207729468,1.0,1000.0,0.5000000000000001
0.8,3,0.8333333333333334,1.0,1000.0,0.5000000000000001
0.9,3,0.8623188405797102,1.0,1000.0,0.5000000000000001
0.1,4,0.6314516129032258,1.0,100.0,0.5000000000000001
0.2,4,0.7087114337568058,1.0,1000.0,0.5000000000000001
0.30000000000000004,4,0.7375518672199171,1.0,1000.0,0.5000000000000001
0.4,4,0.7617896009673518,1.0,1000.0,0.5000000000000001
0.5,4,0.7663280116110305,1.0,1000.0,0.5000000000000001
0.6,4,0.7713248638838476,1.0,1000.0,0.5000000000000001
0.7000000000000001,4,0.782608695652174,1.0,1000.0,0.5000000000000001
0.8,4,0.7753623188405797,1.0,1000.0,0.5000000000000001
0.9,4,0.7463768115942029,1.0,100.0,0.5000000000000001
0.1,5,0.5725806451612904,1.0,1000.0,0.5000000000000001
0.2,5,0.6814882032667876,1.0,1000.0,0.5000000000000001
0.30000000000000004,5,0.7406639004149378,1.0,1000.0,0.5000000000000001
0.4,5,0.7436517533252721,1.0,1000.0,0.5000000000000001
0.5,5,0.7619738751814223,1.0,1000.0,0.5000000000000001
0.6,5,0.7713248638838476,1.0,100.0,0.5000000000000001
0.7000000000000001,5,0.7753623188405797,1.0,1000.0,0.5000000000000001
0.8,5,0.7644927536231884,1.0,1000.0,0.5000000000000001
0.9,5,0.717391304347826,1.0,100.0,0.5000000000000001
0.1,6,0.7370967741935484,1.0,1000.0,0.5000000000000001
0.2,6,0.7032667876588021,1.0,1000.0,0.5000000000000001
0.30000000000000004,6,0.700207468879668,1.0,1000.0,0.5000000000000001
0.4,6,0.7762998790810157,1.0,1000.0,0.5000000000000001
0.5,6,0.7880986937590712,1.0,100.0,0.5000000000000001
0.6,6,0.7822141560798548,1.0,1000.0,0.5000000000000001
0.7000000000000001,6,0.7801932367149759,1.0,1000.0,0.5000000000000001
0.8,6,0.8115942028985508,1.0,1000.0,0.5000000000000001
0.9,6,0.7753623188405797,1.0,1000.0,0.5000000000000001
0.1,7,0.5814516129032258,1.0,1000.0,0.5000000000000001
0.2,7,0.7413793103448276,1.0,1000.0,0.5000000000000001
0.30000000000000004,7,0.7468879668049793,1.0,1000.0,0.5000000000000001
0.4,7,0.7702539298669892,1.0,1000.0,0.5000000000000001
0.5,7,0.7764876632801161,1.0,1000.0,0.5000000000000001
0.6,7,0.7731397459165155,1.0,1000.0,0.5000000000000001
0.7000000000000001,7,0.7971014492753623,1.0,1000.0,0.5000000000000001
0.8,7,0.7862318840579711,1.0,1000.0,0.5000000000000001
0.9,7,0.7971014492753623,1.0,1000.0,0.5000000000000001
0.1,8,0.6741935483870968,1.0,100.0,0.5000000000000001
0.2,8,0.73502722323049,1.0,1000.0,0.5000000000000001
0.30000000000000004,8,0.7510373443983402,1.0,1000.0,0.5000000000000001
0.4,8,0.7629987908101572,1.0,1000.0,0.5000000000000001
0.5,8,0.7808417997097242,1.0,1000.0,0.5000000000000001
0.6,8,0.79491833030853,1.0,10.0,0.5000000000000001
0.7000000000000001,8,0.7995169082125604,1.0,1000.0,0.5000000000000001
0.8,8,0.8188405797101449,1.0,100.0,0.5000000000000001
0.9,8,0.7463768115942029,1.0,1000.0,0.5000000000000001
0.1,9,0.5620967741935484,1.0,1000.0,0.5000000000000001
0.2,9,0.6560798548094374,1.0,1000.0,0.5000000000000001
0.30000000000000004,9,0.6587136929460581,1.0,1000.0,0.5000000000000001
0.4,9,0.7654171704957679,1.0,1000.0,0.5000000000000001
0.5,9,0.7663280116110305,1.0,1000.0,0.5000000000000001
0.6,9,0.7822141560798548,1.0,1000.0,0.5000000000000001
0.7000000000000001,9,0.7922705314009661,1.0,1000.0,0.5000000000000001
0.8,9,0.8043478260869565,1.0,100.0,0.5000000000000001
0.9,9,0.782608695652174,1.0,1000.0,0.5000000000000001
0.1,0,0.6564516129032258,1.0,1000.0,0.7000000000000001
0.2,0,0.7413793103448276,1.0,1000.0,0.7000000000000001
0.30000000000000004,0,0.7811203319502075,1.0,1000.0,0.7000000000000001
0.4,0,0.7787182587666264,1.0,1000.0,0.7000000000000001
0.5,0,0.7910014513788098,1.0,1000.0,0.7000000000000001
0.6,0,0.7713248638838476,1.0,10.0,0.7000000000000001
0.7000000000000001,0,0.7729468599033816,1.0,10.0,0.7000000000000001
0.8,0,0.8007246376811594,1.0,1000.0,0.7000000000000001
0.9,0,0.8043478260869565,1.0,10.0,0.7000000000000001
0.1,1,0.7024193548387097,1.0,1000.0,0.7000000000000001
0.2,1,0.7695099818511797,1.0,10.0,0.7000000000000001
0.30000000000000004,1,0.7717842323651453,1.0,1000.0,0.7000000000000001
0.4,1,0.788391777509069,1.0,100.0,0.7000000000000001
0.5,1,0.7880986937590712,1.0,10.0,0.7000000000000001
0.6,1,0.8003629764065335,1.0,1000.0,0.7000000000000001
0.7000000000000001,1,0.8115942028985508,1.0,1000.0,0.7000000000000001
0.8,1,0.8188405797101449,1.0,1000.0,0.7000000000000001
0.9,1,0.8115942028985508,1.0,10.0,0.7000000000000001
0.1,2,0.7233870967741935,1.0,1000.0,0.7000000000000001
0.2,2,0.7404718693284936,1.0,100.0,0.7000000000000001
0.30000000000000004,2,0.7593360995850622,1.0,10.0,0.7000000000000001
0.4,2,0.7629987908101572,1.0,1000.0,0.7000000000000001
0.5,2,0.783744557329463,1.0,10.0,0.7000000000000001
0.6,2,0.7676950998185118,1.0,1000.0,0.7000000000000001
0.7000000000000001,2,0.7753623188405797,1.0,10.0,0.7000000000000001
0.8,2,0.75,1.0,10.0,0.7000000000000001
0.9,2,0.7318840579710145,1.0,10.0,0.7000000000000001
0.1,3,0.6112903225806452,1.0,1000.0,0.7000000000000001
0.2,3,0.7241379310344828,1.0,1000.0,0.7000000000000001
0.30000000000000004,3,0.75,1.0,1000.0,0.7000000000000001
0.4,3,0.777509068923821,1.0,100.0,0.7000000000000001
0.5,3,0.7822931785195936,1.0,100.0,0.7000000000000001
0.6,3,0.8003629764065335,1.0,10.0,0.7000000000000001
0.7000000000000001,3,0.8115942028985508,1.0,1000.0,0.7000000000000001
0.8,3,0.8478260869565217,1.0,1000.0,0.7000000000000001
0.9,3,0.8478260869565217,1.0,10.0,0.7000000000000001
0.1,4,0.725,1.0,100.0,0.7000000000000001
0.2,4,0.7667876588021778,1.0,1000.0,0.7000000000000001
0.30000000000000004,4,0.7842323651452282,1.0,1000.0,0.7000000000000001
0.4,4,0.7908101571946796,1.0,1000.0,0.7000000000000001
0.5,4,0.7735849056603774,1.0,10.0,0.7000000000000001
0.6,4,0.7658802177858439,1.0,10.0,0.7000000000000001
0.7000000000000001,4,0.7898550724637681,1.0,100.0,0.7000000000000001
0.8,4,0.7934782608695652,1.0,100.0,0.7000000000000001
0.9,4,0.7536231884057971,1.0,10.0,0.7000000000000001
0.1,5,0.682258064516129,1.0,100.0,0.7000000000000001
0.2,5,0.7595281306715064,1.0,1000.0,0.7000000000000001
0.30000000000000004,5,0.7759336099585062,1.0,100.0,0.7000000000000001
0.4,5,0.7726723095525998,1.0,1000.0,0.7000000000000001
0.5,5,0.7822931785195936,1.0,100.0,0.7000000000000001
0.6,5,0.7840290381125227,1.0,10.0,0.7000000000000001
0.7000000000000001,5,0.7898550724637681,1.0,100.0,0.7000000000000001
0.8,5,0.7644927536231884,1.0,100.0,0.7000000000000001
0.9,5,0.7101449275362319,1.0,10.0,0.7000000000000001
0.1,6,0.7338709677419355,1.0,100.0,0.7000000000000001
0.2,6,0.7776769509981851,1.0,1000.0,0.7000000000000001
0.30000000000000004,6,0.774896265560166,1.0,100.0,0.7000000000000001
0.4,6,0.7944377267230955,1.0,10.0,0.7000000000000001
0.5,6,0.783744557329463,1.0,100.0,0.7000000000000001
0.6,6,0.778584392014519,1.0,100.0,0.7000000000000001
0.7000000000000001,6,0.7801932367149759,1.0,10.0,0.7000000000000001
0.8,6,0.8115942028985508,1.0,10.0,0.7000000000000001
0.9,6,0.8043478260869565,1.0,1000.0,0.7000000000000001
0.1,7,0.7193548387096774,1.0,1000.0,0.7000000000000001
0.2,7,0.7586206896551724,1.0,1000.0,0.7000000000000001
0.30000000000000004,7,0.783195020746888,1.0,1000.0,0.7000000000000001
0.4,7,0.781136638452237,1.0,100.0,0.7000000000000001
0.5,7,0.7663280116110305,1.0,1000.0,0.7000000000000001
0.6,7,0.778584392014519,1.0,1000.0,0.7000000000000001
0.7000000000000001,7,0.8115942028985508,1.0,100.0,0.7000000000000001
0.8,7,0.7898550724637681,1.0,10.0,0.7000000000000001
0.9,7,0.782608695652174,1.0,10.0,0.7000000000000001
0.1,8,0.6911290322580645,1.0,10.0,0.7000000000000001
0.2,8,0.7704174228675136,1.0,100.0,0.7000000000000001
0.30000000000000004,8,0.783195020746888,1.0,1000.0,0.7000000000000001
0.4,8,0.7726723095525998,1.0,10.0,0.7000000000000001
0.5,8,0.795355587808418,1.0,10.0,0.7000000000000001
0.6,8,0.8003629764065335,1.0,10.0,0.7000000000000001
0.7000000000000001,8,0.7971014492753623,1.0,10.0,0.7000000000000001
0.8,8,0.8115942028985508,1.0,10.0,0.7000000000000001
0.9,8,0.7608695652173914,1.0,10.0,0.7000000000000001
0.1,9,0.582258064516129,1.0,10.0,0.7000000000000001
0.2,9,0.7558983666061706,1.0,1000.0,0.7000000000000001
0.30000000000000004,9,0.7572614107883817,1.0,1000.0,0.7000000000000001
0.4,9,0.7654171704957679,1.0,1000.0,0.7000000000000001
0.5,9,0.7779390420899854,1.0,10.0,0.7000000000000001
0.6,9,0.7876588021778584,1.0,10.0,0.7000000000000001
0.7000000000000001,9,0.7971014492753623,1.0,10.0,0.7000000000000001
0.8,9,0.7934782608695652,1.0,10.0,0.7000000000000001
0.9,9,0.8043478260869565,1.0,100.0,0.7000000000000001
0.1,0,0.7403225806451613,1.0,100.0,0.9000000000000001
0.2,0,0.7558983666061706,1.0,10.0,0.9000000000000001
0.30000000000000004,0,0.779045643153527,1.0,10.0,0.9000000000000001
0.4,0,0.781136638452237,1.0,1000.0,0.9000000000000001
0.5,0,0.7895500725689405,1.0,100.0,0.9000000000000001
0.6,0,0.7731397459165155,0.9987893462469734,10.0,0.9000000000000001
0.7000000000000001,0,0.7705314009661836,0.9771547248182763,1.0,0.9000000000000001
0.8,0,0.7753623188405797,0.9745685740236149,1.0,0.9000000000000001
0.9,0,0.7898550724637681,0.970137207425343,1.0,0.9000000000000001
0.1,1,0.7346774193548387,1.0,10.0,0.9000000000000001
0.2,1,0.7704174228675136,0.9963636363636363,1.0,0.9000000000000001
0.30000000000000004,1,0.7769709543568465,0.9975786924939467,1.0,0.9000000000000001
0.4,1,0.7859733978234583,1.0,1000.0,0.9000000000000001
0.5,1,0.7880986937590712,1.0,100.0,0.9000000000000001
0.6,1,0.8058076225045372,0.9806295399515739,1.0,0.9000000000000001
0.7000000000000001,1,0.8043478260869565,0.9989615784008308,10.0,0.9000000000000001
0.8,1,0.8043478260869565,0.9727520435967303,1.0,0.9000000000000001
0.9,1,0.8260869565217391,1.0,100.0,0.9000000000000001
0.1,2,0.7290322580645161,1.0,100.0,0.9000000000000001
0.2,2,0.705989110707804,1.0,10.0,0.9000000000000001
0.30000000000000004,2,0.7551867219917012,0.9951573849878934,1.0,0.9000000000000001
0.4,2,0.747279322853688,1.0,10.0,0.9000000000000001
0.5,2,0.7779390420899854,0.9869186046511628,1.0,0.9000000000000001
0.6,2,0.7568058076225045,0.9987893462469734,10.0,0.9000000000000001
0.7000000000000001,2,0.7536231884057971,0.980269989615784,1.0,0.9000000000000001
0.8,2,0.7391304347826086,0.9990917347865577,10.0,0.9000000000000001
0.9,2,0.7028985507246377,0.9693301049233253,1.0,0.9000000000000001
0.1,3,0.7322580645161291,1.0,1000.0,0.9000000000000001
0.2,3,0.7368421052631579,1.0,1000.0,0.9000000000000001
0.30000000000000004,3,0.7427385892116183,1.0,10.0,0.9000000000000001
0.4,3,0.7726723095525998,0.9927272727272727,1.0,0.9000000000000001
0.5,3,0.783744557329463,0.9883720930232558,1.0,0.9000000000000001
0.6,3,0.8021778584392014,0.9854721549636803,1.0,0.9000000000000001
0.7000000000000001,3,0.8188405797101449,0.9989615784008308,10.0,0.9000000000000001
0.8,3,0.855072463768116,0.9736603088101726,1.0,0.9000000000000001
0.9,3,0.8115942028985508,1.0,1000.0,0.9000000000000001
0.1,4,0.7483870967741936,1.0,100.0,0.9000000000000001
0.2,4,0.7513611615245009,1.0,1000.0,0.9000000000000001
0.30000000000000004,4,0.7800829875518672,1.0,100.0,0.9000000000000001
0.4,4,0.7859733978234583,1.0,10.0,0.9000000000000001
0.5,4,0.7663280116110305,0.9840116279069767,1.0,0.9000000000000001
0.6,4,0.7604355716878403,0.9842615012106537,1.0,0.9000000000000001
0.7000000000000001,4,0.7753623188405797,0.9781931464174455,1.0,0.9000000000000001
0.8,4,0.7789855072463768,0.9727520435967303,1.0,0.9000000000000001
0.9,4,0.7463768115942029,0.966908797417272,1.0,0.9000000000000001
0.1,5,0.7387096774193549,1.0,1000.0,0.9000000000000001
0.2,5,0.7631578947368421,1.0,10.0,0.9000000000000001
0.30000000000000004,5,0.754149377593361,1.0,100.0,0.9000000000000001
0.4,5,0.7678355501813785,1.0,10.0,0.9000000000000001
0.5,5,0.7706821480406386,1.0,10.0,0.9000000000000001
0.6,5,0.7840290381125227,0.9806295399515739,1.0,0.9000000000000001
0.7000000000000001,5,0.7560386473429952,1.0,1000.0,0.9000000000000001
0.8,5,0.7391304347826086,0.9709355131698456,1.0,0.9000000000000001
0.9,5,0.7101449275362319,0.9693301049233253,1.0,0.9000000000000001
0.1,6,0.7185483870967742,1.0,10.0,0.9000000000000001
0.2,6,0.7513611615245009,1.0,1000.0,0.9000000000000001
0.30000000000000004,6,0.7883817427385892,1.0,1000.0,0.9000000000000001
0.4,6,0.7871825876662636,0.9836363636363636,1.0,0.9000000000000001
0.5,6,0.7663280116110305,1.0,100.0,0.9000000000000001
0.6,6,0.7803992740471869,0.9818401937046005,1.0,0.9000000000000001
0.7000000000000001,6,0.7874396135265701,0.9740394600207685,1.0,0.9000000000000001
0.8,6,0.7934782608695652,0.9990917347865577,10.0,0.9000000000000001
0.9,6,0.7898550724637681,0.9693301049233253,1.0,0.9000000000000001
0.1,7,0.7403225806451613,1.0,100.0,0.9000000000000001
0.2,7,0.7504537205081669,1.0,10.0,0.9000000000000001
0.30000000000000004,7,0.7821576763485477,1.0,10.0,0.9000000000000001
0.4,7,0.7666263603385731,1.0,1000.0,0.9000000000000001
0.5,7,0.7619738751814223,1.0,10.0,0.9000000000000001
0.6,7,0.7713248638838476,1.0,1000.0,0.9000000000000001
0.7000000000000001,7,0.7922705314009661,0.980269989615784,1.0,0.9000000000000001
0.8,7,0.7934782608695652,0.9990917347865577,10.0,0.9000000000000001
0.9,7,0.7753623188405797,0.9709443099273608,1.0,0.9000000000000001
0.1,8,0.682258064516129,1.0,10.0,0.9000000000000001
0.2,8,0.7595281306715064,1.0,10.0,0.9000000000000001
0.30000000000000004,8,0.7551867219917012,1.0,100.0,0.9000000000000001
0.4,8,0.7605804111245466,0.990909090909091,1.0,0.9000000000000001
0.5,8,0.7750362844702468,0.9927325581395349,1.0,0.9000000000000001
0.6,8,0.7767695099818511,0.9878934624697336,1.0,0.9000000000000001
0.7000000000000001,8,0.7681159420289855,1.0,100.0,0.9000000000000001
0.8,8,0.7789855072463768,0.9709355131698456,1.0,0.9000000000000001
0.9,8,0.7028985507246377,0.9677158999192897,1.0,0.9000000000000001
0.1,9,0.7637096774193548,1.0,1000.0,0.9000000000000001
0.2,9,0.7513611615245009,1.0,1000.0,0.9000000000000001
0.30000000000000004,9,0.7520746887966805,1.0,100.0,0.9000000000000001
0.4,9,0.7629987908101572,1.0,10.0,0.9000000000000001
0.5,9,0.7735849056603774,0.998546511627907,10.0,0.9000000000000001
0.6,9,0.7695099818511797,0.9782082324455206,1.0,0.9000000000000001
0.7000000000000001,9,0.7657004830917874,0.9761163032191069,1.0,0.9000000000000001
0.8,9,0.7681159420289855,0.9709355131698456,1.0,0.9000000000000001
0.9,9,0.7681159420289855,0.9983857949959645,10.0,0.9000000000000001
