ratio,run,cluster_acc,cluster_acc_train,best_C
0.1,0,0.6435602953240361,0.18888888888888888,
0.2,0,0.6663590216889709,0.1866913123844732,
0.30000000000000004,0,0.7088607594936709,0.20320197044334976,
0.4,0,0.7323076923076923,0.3333333333333333,
0.5,0,0.7444608567208272,0.33677991137370755,
0.6,0,0.724169741697417,0.30603448275862066,
0.7000000000000001,0,0.7257072570725708,0.2870712401055409,
0.8,0,0.7453874538745388,0.25577100646352724,
0.9,0,0.7195571955719557,0.2047599507591301,
0.1,1,0.6480721903199343,0.21851851851851853,
0.2,1,0.6954314720812182,0.2088724584103512,
0.30000000000000004,1,0.7315400843881856,0.3583743842364532,
0.4,1,0.7218461538461538,0.3314866112650046,
0.5,1,0.7304283604135894,0.3906942392909897,
0.6,1,0.731549815498155,0.3171182266009852,
0.7000000000000001,1,0.7416974169741697,0.2828496042216359,
0.8,1,0.7619926199261993,0.2322253000923361,
0.9,1,0.7158671586715867,0.21624948707427163,
0.1,2,0.660377358490566,0.25555555555555554,
0.2,2,0.6982002768804799,0.26062846580406657,
0.30000000000000004,2,0.7178270042194093,0.28078817733990147,
0.4,2,0.7163076923076923,0.322253000923361,
0.5,2,0.7407680945347119,0.3360413589364845,
0.6,2,0.7370848708487084,0.3602216748768473,
0.7000000000000001,2,0.7220172201722017,0.2511873350923483,
0.8,2,0.7398523985239852,0.2502308402585411,
0.9,2,0.7416974169741697,0.19778416085350842,
0.1,3,0.6419196062346185,0.26296296296296295,
0.2,3,0.7198892478080295,0.31053604436229204,
0.30000000000000004,3,0.7146624472573839,0.33251231527093594,
0.4,3,0.7347692307692307,0.37488457987072943,
0.5,3,0.7481536189069424,0.35302806499261447,
0.6,3,0.7527675276752768,0.3171182266009852,
0.7000000000000001,3,0.7552275522755227,0.32031662269129285,
0.8,3,0.7546125461254612,0.2839335180055402,
0.9,3,0.7269372693726938,0.21912187115305704,
