ratio,run,cluster_acc,cluster_acc_train,best_C
0.1,0,0.6452009844134536,0.1037037037037037,
0.2,0,0.6802030456852792,0.10536044362292052,
0.30000000000000004,0,0.7136075949367089,0.10837438423645321,
0.4,0,0.7403076923076923,0.10895660203139428,
0.5,0,0.7378138847858198,0.11299852289512555,
0.6,0,0.735239852398524,0.1102216748768473,
0.7000000000000001,0,0.7478474784747847,0.10870712401055409,
0.8,0,0.7638376383763837,0.1084949215143121,
0.9,0,0.7785977859778598,0.10832991382847763,
0.1,1,0.6439704675963905,0.0962962962962963,
0.2,1,0.6977388094139363,0.09057301293900184,
0.30000000000000004,1,0.7146624472573839,0.09852216748768473,
0.4,1,0.7261538461538461,0.1061865189289012,
0.5,1,0.742245199409158,0.10930576070901034,
0.6,1,0.742619926199262,0.11145320197044335,
0.7000000000000001,1,0.7687576875768758,0.11292875989445911,
0.8,1,0.7915129151291513,0.11218836565096953,
0.9,1,0.7749077490774908,0.11161263848994665,
0.1,2,0.645611156685808,0.08888888888888889,
0.2,2,0.6880479926165205,0.10166358595194085,
0.30000000000000004,2,0.7146624472573839,0.10837438423645321,
0.4,2,0.7316923076923076,0.1061865189289012,
0.5,2,0.7444608567208272,0.1085672082717873,
0.6,2,0.7472324723247232,0.10775862068965517,
0.7000000000000001,2,0.7515375153751538,0.11029023746701846,
0.8,2,0.7619926199261993,0.11357340720221606,
0.9,2,0.7712177121771218,0.10997127615921215,
0.1,3,0.6472518457752255,0.0962962962962963,
0.2,3,0.7138901707429626,0.10536044362292052,
0.30000000000000004,3,0.7136075949367089,0.10467980295566502,
0.4,3,0.7415384615384616,0.10803324099722991,
0.5,3,0.7503692762186115,0.11078286558345643,
0.6,3,0.7601476014760148,0.10652709359605911,
0.7000000000000001,3,0.7601476014760148,0.10290237467018469,
0.8,3,0.7804428044280443,0.10526315789473684,
0.9,3,0.7933579335793358,0.10709889208042675,
0.1,4,0.6673502871205906,0.1111111111111111,
0.2,4,0.6977388094139363,0.10905730129390019,
0.30000000000000004,4,0.7109704641350211,0.11576354679802955,
0.4,4,0.7255384615384616,0.11357340720221606,
0.5,4,0.742245199409158,0.10782865583456426,
0.6,4,0.7527675276752768,0.10529556650246305,
0.7000000000000001,4,0.7515375153751538,0.10448548812664908,
0.8,4,0.7583025830258303,0.10480147737765466,
0.9,4,0.7601476014760148,0.10586787033237587,
0.1,5,0.6369975389663659,0.1037037037037037,
0.2,5,0.6894323950161514,0.11829944547134935,
0.30000000000000004,5,0.7220464135021097,0.11206896551724138,
0.4,5,0.7169230769230769,0.1172668513388735,
0.5,5,0.7304283604135894,0.11447562776957164,
0.6,5,0.7435424354243543,0.10837438423645321,
0.7000000000000001,5,0.7515375153751538,0.11503957783641161,
0.8,5,0.7546125461254612,0.11311172668513389,
0.9,5,0.7564575645756457,0.10956093557652852,
0.1,6,0.640278917145201,0.08888888888888889,
0.2,6,0.68158744808491,0.08502772643253234,
0.30000000000000004,6,0.7125527426160337,0.09852216748768473,
0.4,6,0.7427692307692307,0.10433979686057249,
0.5,6,0.741506646971935,0.11152141802067947,
0.6,6,0.7601476014760148,0.1145320197044335,
0.7000000000000001,6,0.7613776137761378,0.10976253298153034,
0.8,6,0.7822878228782287,0.11357340720221606,
0.9,6,0.7564575645756457,0.1124333196553139,
0.1,7,0.6271534044298606,0.1,
0.2,7,0.6871250576834333,0.09611829944547134,
0.30000000000000004,7,0.7056962025316456,0.09852216748768473,
0.4,7,0.7255384615384616,0.09879963065558633,
0.5,7,0.7503692762186115,0.10709010339734121,
0.6,7,0.7518450184501845,0.10652709359605911,
0.7000000000000001,7,0.7539975399753998,0.10501319261213721,
0.8,7,0.7693726937269373,0.11034164358264081,
0.9,7,0.7490774907749077,0.11038161674189577,
0.1,8,0.6349466776045939,0.11481481481481481,
0.2,8,0.6843562528841717,0.10536044362292052,
0.30000000000000004,8,0.7130801687763713,0.10344827586206896,
0.4,8,0.7316923076923076,0.10803324099722991,
0.5,8,0.742245199409158,0.11004431314623338,
0.6,8,0.742619926199262,0.10529556650246305,
0.7000000000000001,8,0.7392373923739237,0.11187335092348286,
0.8,8,0.7324723247232472,0.10941828254847645,
0.9,8,0.7232472324723247,0.10997127615921215,
0.1,9,0.6509433962264151,0.09259259259259259,
0.2,9,0.6995846792801107,0.09242144177449169,
0.30000000000000004,9,0.7336497890295358,0.10837438423645321,
0.4,9,0.7427692307692307,0.11265004616805172,
0.5,9,0.7407680945347119,0.10265878877400296,
0.6,9,0.7509225092250923,0.10899014778325124,
0.7000000000000001,9,0.7650676506765067,0.11451187335092348,
0.8,9,0.7693726937269373,0.11080332409972299,
0.9,9,0.7638376383763837,0.11120229790726303,
