ratio,run,cluster_acc,cluster_acc_train,best_C
0.1,0,0.6394585726004922,0.9518518518518518,0.1
0.2,0,0.6949700046146746,0.9944547134935305,1.0
0.30000000000000004,0,0.7204641350210971,0.9938423645320197,1.0
0.4,0,0.7378461538461538,0.989843028624192,1.0
0.5,0,0.7503692762186115,0.9881831610044313,1.0
0.6,0,0.7509225092250923,0.9864532019704434,1.0
0.7000000000000001,0,0.7675276752767528,0.98311345646438,1.0
0.8,0,0.7675276752767528,0.9796860572483841,1.0
0.9,0,0.7675276752767528,0.979072630283135,1.0
0.1,1,0.6410992616899097,1.0,1.0
0.2,1,0.7055837563451777,0.988909426987061,1.0
0.30000000000000004,1,0.7162447257383966,0.9864532019704434,1.0
0.4,1,0.7353846153846154,0.9879963065558633,1.0
0.5,1,0.7496307237813885,0.9867060561299852,1.0
0.6,1,0.7527675276752768,0.9852216748768473,1.0
0.7000000000000001,1,0.7798277982779828,0.9846965699208443,1.0
0.8,1,0.7915129151291513,0.9796860572483841,1.0
0.9,1,0.7564575645756457,0.975789905621666,1.0
0.1,2,0.6427399507793273,1.0,10.0
0.2,2,0.6788186432856483,1.0,10.0
0.30000000000000004,2,0.7199367088607594,0.9938423645320197,1.0
0.4,2,0.7384615384615385,0.9916897506925207,1.0
0.5,2,0.7518463810930576,0.9881831610044313,1.0
0.6,2,0.7592250922509225,0.9821428571428571,1.0
0.7000000000000001,2,0.7712177121771218,0.9836411609498681,1.0
0.8,2,0.7915129151291513,0.9806094182825484,1.0
0.9,2,0.7859778597785978,0.979072630283135,1.0
0.1,3,0.6542247744052502,0.9962962962962963,1.0
0.2,3,0.7148131056760498,0.9981515711645101,1.0
0.30000000000000004,3,0.7262658227848101,0.9926108374384236,1.0
0.4,3,0.7421538461538462,0.989843028624192,1.0
0.5,3,0.757754800590842,0.9889217134416544,1.0
0.6,3,0.7749077490774908,0.9846059113300493,1.0
0.7000000000000001,3,0.7785977859778598,0.9820580474934036,1.0
0.8,3,0.7859778597785978,0.9810710987996306,1.0
0.9,3,0.8044280442804428,0.9782519491177677,1.0
0.1,4,0.6759639048400328,0.9962962962962963,1.0
0.2,4,0.700507614213198,1.0,10.0
0.30000000000000004,4,0.7289029535864979,0.9926108374384236,1.0
0.4,4,0.7458461538461538,0.9916897506925207,1.0
0.5,4,0.7503692762186115,0.9903988183161004,1.0
0.6,4,0.7527675276752768,0.9827586206896551,1.0
0.7000000000000001,4,0.7515375153751538,0.98311345646438,1.0
0.8,4,0.7583025830258303,0.9838411819021238,1.0
0.9,4,0.7527675276752768,0.9770209273697169,1.0
0.1,5,0.645611156685808,0.9962962962962963,1.0
0.2,5,0.6926626672819566,0.9944547134935305,1.0
0.30000000000000004,5,0.7215189873417721,0.9913793103448276,1.0
0.4,5,0.7243076923076923,0.9861495844875346,1.0
0.5,5,0.742245199409158,0.9844903988183161,1.0
0.6,5,0.7481549815498155,0.9852216748768473,1.0
0.7000000000000001,5,0.7478474784747847,0.9841688654353562,1.0
0.8,5,0.7767527675276753,0.9815327793167128,1.0
0.9,5,0.7712177121771218,0.9774312679524005,1.0
0.1,6,0.6460213289581624,0.9925925925925926,1.0
0.2,6,0.6917397323488694,0.9926062846580407,1.0
0.30000000000000004,6,0.7231012658227848,0.9876847290640394,1.0
0.4,6,0.7569230769230769,0.9889196675900277,1.0
0.5,6,0.7511078286558346,0.9867060561299852,1.0
0.6,6,0.7666051660516605,0.9846059113300493,1.0
0.7000000000000001,6,0.7810578105781057,0.98311345646438,1.0
0.8,6,0.7896678966789668,0.9810710987996306,1.0
0.9,6,0.7859778597785978,0.979072630283135,1.0
0.1,7,0.627563576702215,0.9888888888888889,1.0
0.2,7,0.6880479926165205,0.9926062846580407,1.0
0.30000000000000004,7,0.709915611814346,0.9889162561576355,1.0
0.4,7,0.7341538461538462,0.9879963065558633,1.0
0.5,7,0.7503692762186115,0.9867060561299852,1.0
0.6,7,0.7666051660516605,0.9858374384236454,1.0
0.7000000000000001,7,0.7626076260762608,0.9804749340369393,1.0
0.8,7,0.7841328413284133,0.9787626962142197,1.0
0.9,7,0.7675276752767528,0.9774312679524005,1.0
0.1,8,0.6410992616899097,0.9888888888888889,1.0
0.2,8,0.6935856022150438,0.9944547134935305,1.0
0.30000000000000004,8,0.7215189873417721,0.9926108374384236,1.0
0.4,8,0.7316923076923076,0.9879963065558633,1.0
0.5,8,0.7540620384047267,0.9859675036927622,1.0
0.6,8,0.7490774907749077,0.9827586206896551,1.0
0.7000000000000001,8,0.7453874538745388,0.9799472295514512,1.0
0.8,8,0.7472324723247232,0.9783010156971376,1.0
0.9,8,0.7158671586715867,0.9782519491177677,1.0
0.1,9,0.6419196062346185,1.0,10.0
0.2,9,0.7120443008767882,0.9981515711645101,1.0
0.30000000000000004,9,0.7362869198312236,0.9926108374384236,1.0
0.4,9,0.7501538461538462,0.989843028624192,1.0
0.5,9,0.7555391432791728,0.9859675036927622,1.0
0.6,9,0.7666051660516605,0.9839901477832512,1.0
0.7000000000000001,9,0.7835178351783518,0.9815303430079155,1.0
0.8,9,0.7785977859778598,0.9801477377654663,1.0
0.9,9,0.7712177121771218,0.9778416085350842,1.0
