ratio,run,cluster_acc,cluster_acc_train,best_C
0.1,0,0.7608695652173914,0.9037037037037037,0.1
0.2,0,0.7969543147208121,0.9963031423290203,1.0
0.30000000000000004,0,0.8180379746835443,0.9975369458128078,1.0
0.4,0,0.84,0.9944598337950139,1.0
0.5,0,0.8478581979320532,0.9903988183161004,1.0
0.6,0,0.8588560885608856,0.9913793103448276,1.0
0.7000000000000001,0,0.8659286592865929,0.9192612137203167,0.1
0.8,0,0.8542435424354243,0.9242843951985226,0.1
0.9,0,0.8671586715867159,0.926138695116947,0.1
0.1,1,0.743642329778507,1.0,1.0
0.2,1,0.7974157821873558,0.9944547134935305,1.0
0.30000000000000004,1,0.8164556962025317,0.9963054187192119,1.0
0.4,1,0.8289230769230769,0.989843028624192,1.0
0.5,1,0.8404726735598228,0.9918759231905465,1.0
0.6,1,0.8468634686346863,0.9365763546798029,0.1
0.7000000000000001,1,0.8560885608856088,0.9324538258575198,0.1
0.8,1,0.8671586715867159,0.9279778393351801,0.1
0.9,1,0.8745387453874539,0.9294214197784161,0.1
0.1,2,0.7378999179655455,0.9074074074074074,0.1
0.2,2,0.8071065989847716,0.9963031423290203,1.0
0.30000000000000004,2,0.819620253164557,0.9950738916256158,1.0
0.4,2,0.84,0.9926131117266851,1.0
0.5,2,0.8522895125553914,0.9911373707533235,1.0
0.6,2,0.8588560885608856,0.9913793103448276,1.0
0.7000000000000001,2,0.8622386223862238,0.9261213720316622,0.1
0.8,2,0.8745387453874539,0.9289012003693444,0.1
0.9,2,0.8597785977859779,0.9302421009437833,0.1
0.1,3,0.7686628383921247,0.9962962962962963,1.0
0.2,3,0.8038763267189664,0.9944547134935305,1.0
0.30000000000000004,3,0.819620253164557,0.9285714285714286,0.1
0.4,3,0.8436923076923077,0.9205909510618652,0.1
0.5,3,0.8722304283604135,0.9106351550960118,0.1
0.6,3,0.8837638376383764,0.9113300492610837,0.1
0.7000000000000001,3,0.8745387453874539,0.9182058047493403,0.1
0.8,3,0.8782287822878229,0.9196675900277008,0.1
0.9,3,0.8929889298892989,0.9232663110381617,0.1
0.1,4,0.7744052502050861,0.9333333333333333,0.1
0.2,4,0.8038763267189664,0.9981515711645101,1.0
0.30000000000000004,4,0.8275316455696202,0.9950738916256158,1.0
0.4,4,0.8393846153846154,0.9963065558633426,1.0
0.5,4,0.8530280649926145,0.9955686853766618,1.0
0.6,4,0.8542435424354243,0.9975369458128078,1.0
0.7000000000000001,4,0.8499384993849939,0.9936675461741424,1.0
0.8,4,0.8487084870848709,0.9275161588180979,0.1
0.9,4,0.8560885608856088,0.926138695116947,0.1
0.1,5,0.7399507793273175,0.9962962962962963,1.0
0.2,5,0.7937240424550069,0.9907578558225508,1.0
0.30000000000000004,5,0.8190928270042194,0.9100985221674877,0.1
0.4,5,0.8289230769230769,0.9178208679593721,0.1
0.5,5,0.843426883308715,0.9911373707533235,1.0
0.6,5,0.8607011070110702,0.9889162561576355,1.0
0.7000000000000001,5,0.8523985239852399,0.925065963060686,0.1
0.8,5,0.8763837638376384,0.9275161588180979,0.1
0.9,5,0.8819188191881919,0.9302421009437833,0.1
0.1,6,0.756357670221493,1.0,10.0
0.2,6,0.792339640055376,0.9944547134935305,1.0
0.30000000000000004,6,0.8154008438818565,0.9298029556650246,0.1
0.4,6,0.8332307692307692,0.9150507848568791,0.1
0.5,6,0.8493353028064993,0.9940915805022157,1.0
0.6,6,0.8625461254612546,0.9926108374384236,1.0
0.7000000000000001,6,0.8659286592865929,0.9245382585751979,0.1
0.8,6,0.8911439114391144,0.9270544783010157,0.1
0.9,6,0.8966789667896679,0.9257283545342634,0.1
0.1,7,0.7477440525020509,0.9962962962962963,1.0
0.2,7,0.8071065989847716,0.9963031423290203,1.0
0.30000000000000004,7,0.8222573839662447,0.9963054187192119,1.0
0.4,7,0.835076923076923,0.9168975069252078,0.1
0.5,7,0.8559822747415067,0.9194977843426884,0.1
0.6,7,0.8690036900369004,0.9187192118226601,0.1
0.7000000000000001,7,0.8831488314883149,0.9282321899736148,0.1
0.8,7,0.8837638376383764,0.987072945521699,1.0
0.9,7,0.8745387453874539,0.9314731226918342,0.1
0.1,8,0.743642329778507,0.9222222222222223,0.1
0.2,8,0.8167974157821873,0.9981515711645101,1.0
0.30000000000000004,8,0.8391350210970464,0.9199507389162561,0.1
0.4,8,0.8473846153846154,0.9242843951985226,0.1
0.5,8,0.8515509601181684,0.9918759231905465,1.0
0.6,8,0.8551660516605166,0.9334975369458128,0.1
0.7000000000000001,8,0.8523985239852399,0.9920844327176781,1.0
0.8,8,0.8653136531365314,0.9284395198522623,0.1
0.9,8,0.8634686346863468,0.9265490356996307,0.1
0.1,9,0.7255947497949139,0.9333333333333333,0.1
0.2,9,0.7817258883248731,0.9944547134935305,1.0
0.30000000000000004,9,0.8201476793248945,0.9963054187192119,1.0
0.4,9,0.8492307692307692,0.9168975069252078,0.1
0.5,9,0.845642540620384,0.9224519940915805,0.1
0.6,9,0.8616236162361623,0.9938423645320197,1.0
0.7000000000000001,9,0.8819188191881919,0.9271767810026386,0.1
0.8,9,0.8948339483394834,0.9247460757156049,0.1
0.9,9,0.8929889298892989,0.9249076733688962,0.1
