ratio,run,cluster_acc,cluster_acc_train,best_C,n_cluster
0.1,0,0.3757178014766202,0.42592592592592593,0.01,2
0.2,0,0.37517305029995385,0.4029574861367837,0.01,2
0.30000000000000004,0,0.37341772151898733,0.3977832512315271,0.01,2
0.4,0,0.36923076923076925,0.3979686057248384,0.01,2
0.5,0,0.38552437223042835,0.3759231905465288,0.01,2
0.6,0,0.3837638376383764,0.3786945812807882,0.01,2
0.7000000000000001,0,0.3960639606396064,0.3741424802110818,0.01,2
0.8,0,0.3985239852398524,0.376269621421976,0.01,2
0.9,0,0.36531365313653136,0.38243742306114076,0.01,2
0.1,1,0.3785890073831009,0.4,0.1,2
0.2,1,0.3816335948315644,0.37707948243992606,0.01,2
0.30000000000000004,1,0.3881856540084388,0.3633004926108374,0.01,2
0.4,1,0.3889230769230769,0.3684210526315789,0.01,2
0.5,1,0.38847858197932056,0.37296898079763663,0.01,2
0.6,1,0.38837638376383765,0.37561576354679804,0.01,2
0.7000000000000001,1,0.3862238622386224,0.3783641160949868,0.01,2
0.8,1,0.4059040590405904,0.37442289935364725,0.01,2
0.9,1,0.3763837638376384,0.38120640131308986,0.01,2
0.1,2,0.3806398687448728,0.3814814814814815,0.1,2
0.2,2,0.38532533456391327,0.36229205175600737,0.1,2
0.30000000000000004,2,0.3866033755274262,0.3669950738916256,0.1,2
0.4,2,0.39076923076923076,0.3656509695290859,0.01,2
0.5,2,0.3870014771048744,0.3744460856720827,0.01,2
0.6,2,0.3874538745387454,0.3762315270935961,0.01,2
0.7000000000000001,2,0.4059040590405904,0.36992084432717676,0.01,2
0.8,2,0.4077490774907749,0.3739612188365651,0.01,2
0.9,2,0.3985239852398524,0.3787443578169881,0.01,2
0.1,3,0.33757178014766204,0.40370370370370373,0.001,2
0.2,3,0.3774803876326719,0.39371534195933455,0.01,2
0.30000000000000004,3,0.3739451476793249,0.39655172413793105,0.01,2
0.4,3,0.37476923076923074,0.3896583564173592,0.01,2
0.5,3,0.37370753323485967,0.38774002954209746,0.01,2
0.6,3,0.35977859778597787,0.3947044334975369,0.01,2
0.7000000000000001,3,0.36900369003690037,0.38575197889182056,0.01,2
0.8,3,0.3948339483394834,0.37719298245614036,0.01,2
0.9,3,0.3948339483394834,0.37915469839967175,0.01,2
0.1,4,0.3802296964725185,0.3851851851851852,0.1,2
0.2,4,0.38394093216428243,0.3678373382624769,0.01,2
0.30000000000000004,4,0.37341772151898733,0.3977832512315271,0.01,2
0.4,4,0.3716923076923077,0.394275161588181,0.01,2
0.5,4,0.3663220088626292,0.3951255539143279,0.01,2
0.6,4,0.37084870848708484,0.3873152709359606,0.01,2
0.7000000000000001,4,0.37023370233702335,0.38522427440633245,0.01,2
0.8,4,0.3763837638376384,0.38180978762696216,0.01,2
0.9,4,0.42435424354243545,0.3758719737382027,0.01,2
0.1,5,0.3810500410172272,0.37777777777777777,0.1,2
0.2,5,0.3880941393631749,0.3512014787430684,0.1,2
0.30000000000000004,5,0.3850210970464135,0.3706896551724138,0.01,2
0.4,5,0.392,0.3638042474607572,0.01,2
0.5,5,0.3914327917282127,0.3700147710487445,0.01,2
0.6,5,0.39022140221402213,0.37438423645320196,0.01,2
0.7000000000000001,5,0.3849938499384994,0.37889182058047494,0.01,2
0.8,5,0.3726937269372694,0.3827331486611265,0.01,2
0.9,5,0.33579335793357934,0.38572014772260976,0.01,2
0.1,6,0.38474159146841674,0.34444444444444444,0.1,2
0.2,6,0.3871712044300877,0.35489833641404805,0.01,2
0.30000000000000004,6,0.38449367088607594,0.37192118226600984,0.01,2
0.4,6,0.38584615384615384,0.37303785780240073,0.01,2
0.5,6,0.39586410635155095,0.3655834564254062,0.01,2
0.6,6,0.4059040590405904,0.36391625615763545,0.01,2
0.7000000000000001,6,0.4022140221402214,0.37150395778364115,0.01,2
0.8,6,0.4188191881918819,0.37119113573407203,0.01,2
0.9,6,0.3985239852398524,0.3787443578169881,0.01,2
0.1,7,0.3810500410172272,0.37777777777777777,0.1,2
0.2,7,0.38024919243193356,0.3826247689463956,0.1,2
0.30000000000000004,7,0.3813291139240506,0.3793103448275862,0.1,2
0.4,7,0.38153846153846155,0.37950138504155123,0.01,2
0.5,7,0.3870014771048744,0.3744460856720827,0.01,2
0.6,7,0.38099630996309963,0.3805418719211823,0.01,2
0.7000000000000001,7,0.3763837638376384,0.38258575197889183,0.01,2
0.8,7,0.3837638376383764,0.3799630655586334,0.01,2
0.9,7,0.35424354243542433,0.38366844480919166,0.01,2
0.1,8,0.37981952420016407,0.3888888888888889,0.1,2
0.2,8,0.3825565297646516,0.3733826247689464,0.1,2
0.30000000000000004,8,0.38238396624472576,0.3768472906403941,0.01,2
0.4,8,0.3790769230769231,0.3831948291782087,0.01,2
0.5,8,0.37961595273264404,0.38183161004431315,0.01,2
0.6,8,0.3800738007380074,0.3811576354679803,0.01,2
0.7000000000000001,8,0.37392373923739236,0.38364116094986805,0.01,2
0.8,8,0.37084870848708484,0.3831948291782087,0.01,2
0.9,8,0.34686346863468637,0.38448912597455887,0.01,2
0.1,9,0.3720262510254307,0.45925925925925926,0.001,2
0.2,9,0.36963544070143056,0.42513863216266173,0.01,2
0.30000000000000004,9,0.3686708860759494,0.4088669950738916,0.01,2
0.4,9,0.36923076923076925,0.3979686057248384,0.01,2
0.5,9,0.3759231905465288,0.38552437223042835,0.01,2
0.6,9,0.37177121771217714,0.3866995073891626,0.01,2
0.7000000000000001,9,0.37023370233702335,0.38522427440633245,0.01,2
0.8,9,0.36162361623616235,0.38550323176361956,0.01,2
0.9,9,0.34686346863468637,0.38448912597455887,0.01,2
0.1,0,0.46882690730106646,0.5296296296296297,0.1,4
0.2,0,0.4697738809413936,0.4953789279112754,0.1,4
0.30000000000000004,0,0.4694092827004219,0.4876847290640394,0.1,4
0.4,0,0.46584615384615385,0.4884579870729455,1.0,4
0.5,0,0.47488921713441656,0.47488921713441656,1.0,4
0.6,0,0.47509225092250923,0.4747536945812808,0.1,4
0.7000000000000001,0,0.4833948339483395,0.4712401055408971,0.1,4
0.8,0,0.4797047970479705,0.47368421052631576,0.1,4
0.9,0,0.5092250922509225,0.4710709889208043,0.1,4
0.1,1,0.47292863002461033,0.4925925925925926,1.0,4
0.2,1,0.4785417628057222,0.4602587800369686,1.0,4
0.30000000000000004,1,0.47837552742616035,0.4667487684729064,0.1,4
0.4,1,0.48,0.46722068328716526,0.1,4
0.5,1,0.4793205317577548,0.4704579025110783,0.1,4
0.6,1,0.4797047970479705,0.47167487684729065,0.1,4
0.7000000000000001,1,0.4858548585485855,0.47018469656992085,0.1,4
0.8,1,0.5018450184501845,0.46814404432132967,0.1,4
0.9,1,0.5018450184501845,0.4718916700861715,0.1,4
0.1,2,0.47621000820344545,0.46296296296296297,1.0,4
0.2,2,0.46008306414397787,0.45471349353049906,0.1,4
0.30000000000000004,2,0.48470464135021096,0.45197044334975367,1000.0,4
0.4,2,0.48,0.46722068328716526,1.0,4
0.5,2,0.4741506646971935,0.4756277695716396,0.1,4
0.6,2,0.47509225092250923,0.4747536945812808,0.1,4
0.7000000000000001,2,0.4833948339483395,0.4712401055408971,0.1,4
0.8,2,0.477859778597786,0.474145891043398,0.1,4
0.9,2,0.47601476014760147,0.47476405416495693,0.1,4
0.1,3,0.46267432321575064,0.45185185185185184,0.1,4
0.2,3,0.47115828334102444,0.4898336414048059,0.1,4
0.30000000000000004,3,0.475210970464135,0.47413793103448276,1.0,4
0.4,3,0.47507692307692306,0.47460757156048017,0.1,4
0.5,3,0.4741506646971935,0.4756277695716396,0.1,4
0.6,3,0.46494464944649444,0.4815270935960591,0.1,4
0.7000000000000001,3,0.46863468634686345,0.47757255936675463,0.1,4
0.8,3,0.46494464944649444,0.4773776546629732,0.1,4
0.9,3,0.45387453874538747,0.47722609766105867,0.1,4
0.1,4,0.4725184577522559,0.4962962962962963,0.1,4
0.2,4,0.477618827872635,0.46395563770794823,0.1,4
0.30000000000000004,4,0.4778481012658228,0.46798029556650245,1.0,4
0.4,4,0.4461538461538462,0.48476454293628807,1.0,4
0.5,4,0.4630723781388479,0.48670605612998524,1.0,4
0.6,4,0.4575645756457565,0.48645320197044334,0.1,4
0.7000000000000001,4,0.4661746617466175,0.47862796833773086,1.0,4
0.8,4,0.47232472324723246,0.4755309325946445,0.1,4
0.9,4,0.4944649446494465,0.47271235125153876,0.1,4
0.1,5,0.470467596390484,0.5148148148148148,1.0,4
0.2,5,0.47531149053991695,0.4731977818853974,1.0,4
0.30000000000000004,5,0.45675105485232065,0.4729064039408867,1.0,4
0.4,5,0.4775384615384615,0.4709141274238227,1.0,4
0.5,5,0.47858197932053176,0.4711964549483013,1.0,4
0.6,5,0.4732472324723247,0.47598522167487683,0.1,4
0.7000000000000001,5,0.4661746617466175,0.47862796833773086,0.1,4
0.8,5,0.477859778597786,0.474145891043398,0.1,4
0.9,5,0.4797047970479705,0.4743537135822733,0.1,4
0.1,6,0.47333880229696473,0.4888888888888889,1.0,4
0.2,6,0.47531149053991695,0.4731977818853974,1.0,4
0.30000000000000004,6,0.46782700421940926,0.49137931034482757,0.1,4
0.4,6,0.46892307692307694,0.4838411819021237,0.1,4
0.5,6,0.4741506646971935,0.4756277695716396,0.1,4
0.6,6,0.47601476014760147,0.47413793103448276,0.1,4
0.7000000000000001,6,0.46863468634686345,0.47757255936675463,0.1,4
0.8,6,0.474169741697417,0.47506925207756234,0.1,4
0.9,6,0.4907749077490775,0.4731226918342224,0.1,4
0.1,7,0.46882690730106646,0.5296296296296297,1.0,4
0.2,7,0.4697738809413936,0.4953789279112754,0.1,4
0.30000000000000004,7,0.47151898734177217,0.4827586206896552,0.1,4
0.4,7,0.4726153846153846,0.47830101569713757,0.1,4
0.5,7,0.4711964549483013,0.47858197932053176,0.1,4
0.6,7,0.4732472324723247,0.47598522167487683,0.1,4
0.7000000000000001,7,0.4710947109471095,0.47651715039577835,0.1,4
0.8,7,0.46494464944649444,0.4773776546629732,0.1,4
0.9,7,0.4797047970479705,0.4743537135822733,0.1,4
0.1,8,0.45980311730926987,0.45185185185185184,0.1,4
0.2,8,0.47715736040609136,0.4658040665434381,1.0,4
0.30000000000000004,8,0.47310126582278483,0.479064039408867,0.1,4
0.4,8,0.46892307692307694,0.4838411819021237,0.1,4
0.5,8,0.45790251107828656,0.4918759231905465,0.1,4
0.6,8,0.45940959409594095,0.4852216748768473,0.1,4
0.7000000000000001,8,0.46248462484624847,0.48021108179419525,0.1,4
0.8,8,0.45387453874538747,0.4801477377654663,0.1,4
0.9,8,0.4612546125461255,0.4764054164956914,0.1,4
0.1,9,0.4442165709598031,0.5222222222222223,1.0,4
0.2,9,0.44900784494693124,0.49907578558225507,0.1,4
0.30000000000000004,9,0.4657172995780591,0.4963054187192118,1.0,4
0.4,9,0.45353846153846156,0.5069252077562327,0.1,4
0.5,9,0.4608567208271787,0.48892171344165436,0.1,4
0.6,9,0.45295202952029523,0.4895320197044335,0.1,4
0.7000000000000001,9,0.45141451414514144,0.48496042216358837,0.1,4
0.8,9,0.44649446494464945,0.481994459833795,0.1,4
0.9,9,0.46494464944649444,0.47599507591300777,1.0,4
0.1,0,0.6263330598851518,0.6777777777777778,1.0,8
0.2,0,0.6488232579603138,0.6358595194085028,1.0,8
0.30000000000000004,0,0.6513713080168776,0.6342364532019704,1.0,8
0.4,0,0.6504615384615384,0.6398891966759003,1.0,8
0.5,0,0.6610044313146234,0.6314623338257016,1.0,8
0.6,0,0.6605166051660517,0.6366995073891626,1.0,8
0.7000000000000001,0,0.6678966789667896,0.6369393139841689,0.1,8
0.8,0,0.6808118081180812,0.6375807940904894,0.1,8
0.9,0,0.6863468634686347,0.6417726713171933,0.1,8
0.1,1,0.6431501230516817,0.674074074074074,1.0,8
0.2,1,0.6419012459621597,0.6635859519408502,1.0,8
0.30000000000000004,1,0.6413502109704642,0.6576354679802956,0.1,8
0.4,1,0.6443076923076924,0.6491228070175439,0.1,8
0.5,1,0.6418020679468243,0.6506646971935007,0.1,8
0.6,1,0.6429889298892989,0.6483990147783252,0.1,8
0.7000000000000001,1,0.6482164821648216,0.6453825857519789,0.1,8
0.8,1,0.6568265682656826,0.6435826408125577,0.1,8
0.9,1,0.6494464944649446,0.6458760771440295,0.1,8
0.1,2,0.6312551271534045,0.6333333333333333,10.0,8
0.2,2,0.6492847254268574,0.634011090573013,1.0,8
0.30000000000000004,2,0.6503164556962026,0.6366995073891626,1.0,8
0.4,2,0.6504615384615384,0.6398891966759003,1.0,8
0.5,2,0.6469719350073855,0.6454948301329394,1.0,8
0.6,2,0.6420664206642066,0.6490147783251231,1.0,8
0.7000000000000001,2,0.6666666666666666,0.637467018469657,0.1,8
0.8,2,0.6715867158671587,0.6398891966759003,0.1,8
0.9,2,0.6642066420664207,0.6442347148132951,1.0,8
0.1,3,0.6349466776045939,0.674074074074074,1.0,8
0.2,3,0.6437471158283341,0.6561922365988909,1.0,8
0.30000000000000004,3,0.6413502109704642,0.6576354679802956,1.0,8
0.4,3,0.6363076923076924,0.6611265004616805,0.1,8
0.5,3,0.6344165435745938,0.6580502215657311,0.1,8
0.6,3,0.6236162361623616,0.6613300492610837,0.1,8
0.7000000000000001,3,0.6260762607626076,0.6548812664907652,1.0,8
0.8,3,0.6217712177121771,0.6523545706371191,0.1,8
0.9,3,0.5904059040590406,0.6524415264669676,0.1,8
0.1,4,0.6443806398687448,0.662962962962963,1.0,8
0.2,4,0.6446700507614214,0.6524953789279113,1.0,8
0.30000000000000004,4,0.6424050632911392,0.6551724137931034,1.0,8
0.4,4,0.632,0.6491228070175439,0.1,8
0.5,4,0.6388478581979321,0.6536189069423929,1.0,8
0.6,4,0.6337638376383764,0.6545566502463054,0.1,8
0.7000000000000001,4,0.6346863468634686,0.6511873350923483,0.1,8
0.8,4,0.6199261992619927,0.6528162511542013,0.1,8
0.9,4,0.6309963099630996,0.6479277800574477,0.1,8
0.1,5,0.6345365053322395,0.6777777777777778,1.0,8
0.2,5,0.6432856483617905,0.6580406654343808,1.0,8
0.30000000000000004,5,0.6408227848101266,0.6588669950738916,0.1,8
0.4,5,0.6430769230769231,0.6509695290858726,0.1,8
0.5,5,0.6351550960118169,0.6573116691285081,1.0,8
0.6,5,0.6420664206642066,0.6490147783251231,1.0,8
0.7000000000000001,5,0.6383763837638377,0.6496042216358839,1.0,8
0.8,5,0.6383763837638377,0.6481994459833795,0.1,8
0.9,5,0.6273062730627307,0.6483381206401313,0.1,8
0.1,6,0.6394585726004922,0.6333333333333333,1.0,8
0.2,6,0.6506691278264882,0.6284658040665434,1.0,8
0.30000000000000004,6,0.6497890295358649,0.6379310344827587,1.0,8
0.4,6,0.6467692307692308,0.6454293628808865,1.0,8
0.5,6,0.6514032496307238,0.6410635155096012,1.0,8
0.6,6,0.6568265682656826,0.6391625615763546,1.0,8
0.7000000000000001,6,0.6457564575645757,0.6464379947229552,0.1,8
0.8,6,0.6605166051660517,0.6426592797783933,1.0,8
0.9,6,0.6752767527675276,0.6430036930652442,0.1,8
0.1,7,0.64766201804758,0.6333333333333333,1.0,8
0.2,7,0.6511305952930319,0.6266173752310537,1.0,8
0.30000000000000004,7,0.6550632911392406,0.625615763546798,1.0,8
0.4,7,0.6584615384615384,0.6278855032317636,1.0,8
0.5,7,0.656573116691285,0.6358936484490398,1.0,8
0.6,7,0.6448339483394834,0.6348522167487685,0.1,8
0.7000000000000001,7,0.6777367773677737,0.6327176781002638,1.0,8
0.8,7,0.6715867158671587,0.6398891966759003,1.0,8
0.9,7,0.6420664206642066,0.6466967583093968,0.1,8
0.1,8,0.6439704675963905,0.6666666666666666,10.0,8
0.2,8,0.6442085832948777,0.6543438077634011,1.0,8
0.30000000000000004,8,0.6424050632911392,0.6551724137931034,1.0,8
0.4,8,0.6418461538461538,0.6528162511542013,1.0,8
0.5,8,0.6432791728212703,0.6491875923190547,1.0,8
0.6,8,0.6420664206642066,0.6490147783251231,1.0,8
0.7000000000000001,8,0.6469864698646987,0.645910290237467,1.0,8
0.8,8,0.6383763837638377,0.6481994459833795,1.0,8
0.9,8,0.6199261992619927,0.6491588018054986,1.0,8
0.1,9,0.6443806398687448,0.662962962962963,10.0,8
0.2,9,0.6395939086294417,0.6728280961182994,10.0,8
0.30000000000000004,9,0.6445147679324894,0.6502463054187192,1.0,8
0.4,9,0.6430769230769231,0.6509695290858726,1.0,8
0.5,9,0.6484490398818316,0.6440177252584933,1.0,8
0.6,9,0.6559040590405905,0.6397783251231527,1.0,8
0.7000000000000001,9,0.6531365313653137,0.6432717678100264,1.0,8
0.8,9,0.6439114391143912,0.646814404432133,1.0,8
0.9,9,0.6531365313653137,0.6454657365613459,1.0,8
0.1,0,0.6796554552912223,0.7407407407407407,1.0,16
0.2,0,0.6723580987540378,0.7393715341959335,10.0,16
0.30000000000000004,0,0.6703586497890295,0.7216748768472906,1.0,16
0.4,0,0.6873846153846154,0.7211449676823638,1.0,16
0.5,0,0.691285081240768,0.7104874446085672,1.0,16
0.6,0,0.6900369003690037,0.708128078817734,1.0,16
0.7000000000000001,0,0.6912669126691267,0.7050131926121372,0.1,16
0.8,0,0.6974169741697417,0.7017543859649122,0.1,16
0.9,0,0.7158671586715867,0.6992203528929011,0.1,16
0.1,1,0.6985233798195242,0.7222222222222222,10.0,16
0.2,1,0.6829718504845408,0.7042513863216266,1.0,16
0.30000000000000004,1,0.7014767932489452,0.6995073891625616,1.0,16
0.4,1,0.692923076923077,0.6943674976915974,1.0,16
0.5,1,0.6905465288035451,0.6964549483013294,10.0,16
0.6,1,0.7121771217712177,0.6933497536945813,0.1,16
0.7000000000000001,1,0.7158671586715867,0.6944591029023747,0.1,16
0.8,1,0.7195571955719557,0.6962142197599261,0.1,16
0.9,1,0.7011070110701108,0.7008617152236356,0.1,16
0.1,2,0.6800656275635767,0.6814814814814815,1.0,16
0.2,2,0.7046608214120904,0.6857670979667283,10.0,16
0.30000000000000004,2,0.7093881856540084,0.6810344827586207,1.0,16
0.4,2,0.7083076923076923,0.6897506925207756,1.0,16
0.5,2,0.7038404726735599,0.6979320531757754,10.0,16
0.6,2,0.6946494464944649,0.7050492610837439,1.0,16
0.7000000000000001,2,0.7158671586715867,0.6944591029023747,1.0,16
0.8,2,0.7214022140221402,0.695752539242844,0.1,16
0.9,2,0.7269372693726938,0.6979893311448502,0.1,16
0.1,3,0.6948318293683347,0.7555555555555555,1.0,16
0.2,3,0.6922011998154131,0.7356746765249538,1.0,16
0.30000000000000004,3,0.6940928270042194,0.7167487684729064,1.0,16
0.4,3,0.6904615384615385,0.716528162511542,1.0,16
0.5,3,0.6883308714918759,0.7134416543574594,1.0,16
0.6,3,0.6780442804428044,0.7161330049261084,0.1,16
0.7000000000000001,3,0.6789667896678967,0.7102902374670185,0.1,16
0.8,3,0.6752767527675276,0.7072945521698984,0.1,16
0.9,3,0.6531365313653137,0.7061961427985227,0.1,16
0.1,4,0.6611977030352748,0.7037037037037037,1.0,16
0.2,4,0.6728195662205815,0.7005545286506469,10.0,16
0.30000000000000004,4,0.6845991561181435,0.7142857142857143,10.0,16
0.4,4,0.691076923076923,0.7156048014773777,1.0,16
0.5,4,0.6794682422451994,0.7223042836041359,1.0,16
0.6,4,0.6734317343173432,0.7192118226600985,1.0,16
0.7000000000000001,4,0.6728167281672817,0.7129287598944591,1.0,16
0.8,4,0.6734317343173432,0.7077562326869806,0.1,16
0.9,4,0.6900369003690037,0.7020927369716865,0.1,16
0.1,5,0.6566858080393765,0.7037037037037037,1.0,16
0.2,5,0.6931241347485002,0.6950092421441775,10.0,16
0.30000000000000004,5,0.679324894514768,0.6773399014778325,0.1,16
0.4,5,0.6953846153846154,0.6879039704524469,1.0,16
0.5,5,0.7149187592319055,0.6868537666174298,1.0,16
0.6,5,0.7140221402214022,0.6921182266009852,1.0,16
0.7000000000000001,5,0.7158671586715867,0.6944591029023747,1.0,16
0.8,5,0.7214022140221402,0.695752539242844,0.1,16
0.9,5,0.7158671586715867,0.6992203528929011,0.1,16
0.1,6,0.6894995898277276,0.7037037037037037,1.0,16
0.2,6,0.687586525149977,0.7042513863216266,1.0,16
0.30000000000000004,6,0.6993670886075949,0.7044334975369458,1.0,16
0.4,6,0.696,0.7082179132040628,1.0,16
0.5,6,0.7031019202363368,0.6986706056129985,1.0,16
0.6,6,0.7011070110701108,0.7007389162561576,1.0,16
0.7000000000000001,6,0.6974169741697417,0.7023746701846966,1.0,16
0.8,6,0.7121771217712177,0.6980609418282548,0.1,16
0.9,6,0.7232472324723247,0.6983996717275338,0.1,16
0.1,7,0.6747333880229697,0.7,1.0,16
0.2,7,0.7009690816797416,0.7005545286506469,1.0,16
0.30000000000000004,7,0.7056962025316456,0.6896551724137931,1.0,16
0.4,7,0.7107692307692308,0.6860572483841182,1.0,16
0.5,7,0.7038404726735599,0.6979320531757754,1.0,16
0.6,7,0.7084870848708487,0.6958128078817734,1.0,16
0.7000000000000001,7,0.7097170971709718,0.6970976253298153,1.0,16
0.8,7,0.6955719557195572,0.7022160664819944,1.0,16
0.9,7,0.6715867158671587,0.7041444398851047,0.1,16
0.1,8,0.6870385561936013,0.725925925925926,1.0,16
0.2,8,0.6958929395477619,0.7208872458410351,10.0,16
0.30000000000000004,8,0.6962025316455697,0.7118226600985221,10.0,16
0.4,8,0.6923076923076923,0.7137580794090489,1.0,16
0.5,8,0.6927621861152142,0.7090103397341211,1.0,16
0.6,8,0.6808118081180812,0.7142857142857143,0.1,16
0.7000000000000001,8,0.6838868388683886,0.7081794195250659,0.1,16
0.8,8,0.6808118081180812,0.7059095106186519,0.1,16
0.9,8,0.6752767527675276,0.703734099302421,0.1,16
0.1,9,0.6817063166529943,0.7185185185185186,10.0,16
0.2,9,0.6949700046146746,0.7245841035120147,10.0,16
0.30000000000000004,9,0.6988396624472574,0.7056650246305419,10.0,16
0.4,9,0.7003076923076923,0.7017543859649122,1.0,16
0.5,9,0.7031019202363368,0.6986706056129985,1.0,16
0.6,9,0.7084870848708487,0.6958128078817734,0.1,16
0.7000000000000001,9,0.7097170971709718,0.6970976253298153,0.1,16
0.8,9,0.6955719557195572,0.7022160664819944,0.1,16
0.9,9,0.6937269372693727,0.7016823963890029,0.1,16
0.1,0,0.667760459392945,0.7185185185185186,10.0,32
0.2,0,0.6774342408860176,0.7171903881700554,10.0,32
0.30000000000000004,0,0.6856540084388185,0.7204433497536946,10.0,32
0.4,0,0.6886153846153846,0.7109879963065558,10.0,32
0.5,0,0.689069423929099,0.7031019202363368,1.0,32
0.6,0,0.7084870848708487,0.7038177339901478,1.0,32
0.7000000000000001,0,0.7121771217712177,0.7029023746701847,10.0,32
0.8,0,0.7250922509225092,0.7008310249307479,10.0,32
0.9,0,0.7490774907749077,0.7008617152236356,1.0,32
0.1,1,0.6410992616899097,0.7037037037037037,1.0,32
0.2,1,0.705122288878634,0.7079482439926063,10.0,32
0.30000000000000004,1,0.705168776371308,0.7068965517241379,10.0,32
0.4,1,0.7009230769230769,0.7091412742382271,10.0,32
0.5,1,0.6964549483013294,0.7119645494830132,10.0,32
0.6,1,0.7020295202952029,0.7056650246305419,10.0,32
0.7000000000000001,1,0.7072570725707257,0.7050131926121372,1.0,32
0.8,1,0.7011070110701108,0.7049861495844876,1.0,32
0.9,1,0.7047970479704797,0.7057858022158392,1.0,32
0.1,2,0.6554552912223134,0.7074074074074074,1.0,32
0.2,2,0.6871250576834333,0.7024029574861368,1.0,32
0.30000000000000004,2,0.7041139240506329,0.6933497536945813,10.0,32
0.4,2,0.6966153846153846,0.6952908587257618,10.0,32
0.5,2,0.6971935007385525,0.7045790251107829,10.0,32
0.6,2,0.7011070110701108,0.708743842364532,1.0,32
0.7000000000000001,2,0.7195571955719557,0.6997361477572559,1.0,32
0.8,2,0.7214022140221402,0.7017543859649122,10.0,32
0.9,2,0.7195571955719557,0.7041444398851047,10.0,32
0.1,3,0.6853978671041837,0.7481481481481481,10.0,32
0.2,3,0.6917397323488694,0.7430683918669131,10.0,32
0.30000000000000004,3,0.694620253164557,0.7192118226600985,10.0,32
0.4,3,0.691076923076923,0.7239150507848569,1.0,32
0.5,3,0.689069423929099,0.7193500738552437,1.0,32
0.6,3,0.6789667896678967,0.7210591133004927,10.0,32
0.7000000000000001,3,0.6789667896678967,0.7150395778364116,10.0,32
0.8,3,0.6697416974169742,0.7128347183748845,10.0,32
0.9,3,0.6678966789667896,0.7098892080426754,1.0,32
0.1,4,0.682526661197703,0.7296296296296296,10.0,32
0.2,4,0.6995846792801107,0.722735674676525,10.0,32
0.30000000000000004,4,0.6935654008438819,0.7339901477832512,1.0,32
0.4,4,0.6916923076923077,0.7266851338873499,10.0,32
0.5,4,0.6861152141802068,0.725258493353028,1.0,32
0.6,4,0.6872693726937269,0.7179802955665024,1.0,32
0.7000000000000001,4,0.6924969249692496,0.7113456464379947,1.0,32
0.8,4,0.6863468634686347,0.7105263157894737,1.0,32
0.9,4,0.6863468634686347,0.7078375051292572,10.0,32
0.1,5,0.6730926989335521,0.7148148148148148,10.0,32
0.2,5,0.6751269035532995,0.6987060998151571,10.0,32
0.30000000000000004,5,0.6877637130801688,0.7130541871921182,10.0,32
0.4,5,0.7113846153846154,0.6971375807940905,10.0,32
0.5,5,0.705317577548006,0.6994091580502215,1.0,32
0.6,5,0.7038745387453874,0.7068965517241379,10.0,32
0.7000000000000001,5,0.7035670356703567,0.7065963060686016,1.0,32
0.8,5,0.7121771217712177,0.7040627885503232,1.0,32
0.9,5,0.7195571955719557,0.7041444398851047,10.0,32
0.1,6,0.6632485643970467,0.7481481481481481,1.0,32
0.2,6,0.6695892939547762,0.7190388170055453,10.0,32
0.30000000000000004,6,0.6772151898734177,0.7068965517241379,100.0,32
0.4,6,0.6966153846153846,0.7137580794090489,1.0,32
0.5,6,0.7008862629246676,0.7060561299852289,10.0,32
0.6,6,0.7020295202952029,0.7044334975369458,1.0,32
0.7000000000000001,6,0.6974169741697417,0.7092348284960422,1.0,32
0.8,6,0.6918819188191881,0.7091412742382271,1.0,32
0.9,6,0.6789667896678967,0.7086581862946245,1.0,32
0.1,7,0.6218211648892535,0.7148148148148148,10.0,32
0.2,7,0.7023534840793724,0.6876155268022182,10.0,32
0.30000000000000004,7,0.7088607594936709,0.6859605911330049,10.0,32
0.4,7,0.7064615384615385,0.6925207756232687,10.0,32
0.5,7,0.7045790251107829,0.6971935007385525,1.0,32
0.6,7,0.7121771217712177,0.6958128078817734,1.0,32
0.7000000000000001,7,0.7293972939729397,0.6955145118733509,1.0,32
0.8,7,0.7140221402214022,0.703601108033241,1.0,32
0.9,7,0.6826568265682657,0.7082478457119409,10.0,32
0.1,8,0.6915504511894995,0.7592592592592593,1000.0,32
0.2,8,0.6945085371481311,0.7134935304990758,10.0,32
0.30000000000000004,8,0.6977848101265823,0.6995073891625616,10.0,32
0.4,8,0.6923076923076923,0.7072945521698984,10.0,32
0.5,8,0.7060561299852289,0.7023633677991138,10.0,32
0.6,8,0.7011070110701108,0.7062807881773399,10.0,32
0.7000000000000001,8,0.6998769987699877,0.7081794195250659,1.0,32
0.8,8,0.6900369003690037,0.7096029547553093,1.0,32
0.9,8,0.6900369003690037,0.7074271645465736,10.0,32
0.1,9,0.682526661197703,0.7481481481481481,10.0,32
0.2,9,0.6848177203507153,0.7597042513863216,1.0,32
0.30000000000000004,9,0.6914556962025317,0.7389162561576355,10.0,32
0.4,9,0.6873846153846154,0.7331486611265005,1.0,32
0.5,9,0.6986706056129985,0.7127031019202363,10.0,32
0.6,9,0.6955719557195572,0.7124384236453202,1.0,32
0.7000000000000001,9,0.7011070110701108,0.7076517150395778,10.0,32
0.8,9,0.6845018450184502,0.7109879963065558,1.0,32
0.9,9,0.6678966789667896,0.7098892080426754,1.0,32
0.1,0,0.571780147662018,0.762962962962963,1.0,64
0.2,0,0.6635902168897093,0.7486136783733827,1.0,64
0.30000000000000004,0,0.7114978902953587,0.7561576354679803,10.0,64
0.4,0,0.7058461538461539,0.7506925207756233,1000.0,64
0.5,0,0.7178729689807977,0.742245199409158,10.0,64
0.6,0,0.7011070110701108,0.7407635467980296,1.0,64
0.7000000000000001,0,0.7207872078720787,0.7377308707124011,1.0,64
0.8,0,0.7435424354243543,0.7317636195752539,1.0,64
0.9,0,0.7822878228782287,0.7299958965941732,1.0,64
0.1,1,0.6620180475799836,0.7703703703703704,10.0,64
0.2,1,0.705122288878634,0.7541589648798521,10.0,64
0.30000000000000004,1,0.7167721518987342,0.7549261083743842,10.0,64
0.4,1,0.7138461538461538,0.7414589104339797,100.0,64
0.5,1,0.7186115214180206,0.741506646971935,1.0,64
0.6,1,0.7250922509225092,0.7309113300492611,1.0,64
0.7000000000000001,1,0.7232472324723247,0.7361477572559367,1.0,64
0.8,1,0.7435424354243543,0.7317636195752539,1.0,64
0.9,1,0.7195571955719557,0.7369716864997948,10.0,64
0.1,2,0.6874487284659557,0.7666666666666667,10.0,64
0.2,2,0.7074296262113521,0.7430683918669131,1.0,64
0.30000000000000004,2,0.7114978902953587,0.7401477832512315,1.0,64
0.4,2,0.7163076923076923,0.739612188365651,10.0,64
0.5,2,0.7038404726735599,0.742245199409158,10.0,64
0.6,2,0.7158671586715867,0.7432266009852216,100.0,64
0.7000000000000001,2,0.7281672816728167,0.7335092348284961,1000.0,64
0.8,2,0.7287822878228782,0.7354570637119113,1.0,64
0.9,2,0.7380073800738007,0.7349199835863767,10.0,64
0.1,3,0.6726825266611977,0.8,10.0,64
0.2,3,0.7032764190124596,0.7763401109057301,10.0,64
0.30000000000000004,3,0.7157172995780591,0.7635467980295566,10.0,64
0.4,3,0.72,0.7488457987072945,10.0,64
0.5,3,0.7223042836041359,0.7407680945347119,1.0,64
0.6,3,0.7223247232472325,0.7426108374384236,10.0,64
0.7000000000000001,3,0.7244772447724477,0.7387862796833773,10.0,64
0.8,3,0.7269372693726938,0.7363804247460757,10.0,64
0.9,3,0.7084870848708487,0.7382027082478457,10.0,64
0.1,4,0.671862182116489,0.7814814814814814,10.0,64
0.2,4,0.7143516382095062,0.7541589648798521,10.0,64
0.30000000000000004,4,0.6998945147679325,0.7450738916256158,1.0,64
0.4,4,0.7193846153846154,0.7516158818097877,10.0,64
0.5,4,0.7134416543574594,0.7548005908419497,10.0,64
0.6,4,0.7084870848708487,0.7512315270935961,1.0,64
0.7000000000000001,4,0.7035670356703567,0.7477572559366754,1.0,64
0.8,4,0.7066420664206642,0.7423822714681441,1.0,64
0.9,4,0.6937269372693727,0.7377923676651621,1.0,64
0.1,5,0.6349466776045939,0.8037037037037037,10.0,64
0.2,5,0.7161975080756806,0.7578558225508318,10.0,64
0.30000000000000004,5,0.7209915611814346,0.7672413793103449,10.0,64
0.4,5,0.7163076923076923,0.7506925207756233,10.0,64
0.5,5,0.7156573116691285,0.7503692762186115,1.0,64
0.6,5,0.716789667896679,0.7419950738916257,1.0,64
0.7000000000000001,5,0.7183271832718328,0.737203166226913,10.0,64
0.8,5,0.7214022140221402,0.73730378578024,1000.0,64
0.9,5,0.7084870848708487,0.7361510053344276,100.0,64
0.1,6,0.6529942575881871,0.7518518518518519,1.0,64
0.2,6,0.7097369635440701,0.7356746765249538,10.0,64
0.30000000000000004,6,0.7083333333333334,0.7266009852216748,1.0,64
0.4,6,0.7298461538461538,0.7276084949215144,1000.0,64
0.5,6,0.7407680945347119,0.723781388478582,10.0,64
0.6,6,0.738929889298893,0.729064039408867,100.0,64
0.7000000000000001,6,0.7293972939729397,0.7350923482849604,1.0,64
0.8,6,0.7398523985239852,0.7340720221606648,1.0,64
0.9,6,0.7785977859778598,0.7299958965941732,100.0,64
0.1,7,0.6812961443806399,0.774074074074074,10.0,64
0.2,7,0.7097369635440701,0.744916820702403,1000.0,64
0.30000000000000004,7,0.7236286919831224,0.7352216748768473,10.0,64
0.4,7,0.7298461538461538,0.7340720221606648,10.0,64
0.5,7,0.7245199409158051,0.740029542097489,1.0,64
0.6,7,0.7333948339483395,0.7321428571428571,10.0,64
0.7000000000000001,7,0.7281672816728167,0.7324538258575198,10.0,64
0.8,7,0.7361623616236163,0.7326869806094183,1000.0,64
0.9,7,0.7158671586715867,0.7365613459171112,10.0,64
0.1,8,0.6587366694011485,0.7592592592592593,1.0,64
0.2,8,0.7060452238117213,0.767097966728281,10.0,64
0.30000000000000004,8,0.7104430379746836,0.75,1.0,64
0.4,8,0.7144615384615385,0.7590027700831025,10.0,64
0.5,8,0.7149187592319055,0.7496307237813885,1000.0,64
0.6,8,0.705719557195572,0.7469211822660099,10.0,64
0.7000000000000001,8,0.7060270602706027,0.7435356200527704,1.0,64
0.8,8,0.7029520295202952,0.7433056325023084,1.0,64
0.9,8,0.7195571955719557,0.7369716864997948,1.0,64
0.1,9,0.6817063166529943,0.7518518518518519,10.0,64
0.2,9,0.7000461467466543,0.7578558225508318,10.0,64
0.30000000000000004,9,0.7046413502109705,0.7536945812807881,10.0,64
0.4,9,0.707076923076923,0.7534626038781164,1.0,64
0.5,9,0.7097488921713442,0.7496307237813885,10.0,64
0.6,9,0.7214022140221402,0.7444581280788177,10.0,64
0.7000000000000001,9,0.7244772447724477,0.7398416886543535,10.0,64
0.8,9,0.7103321033210332,0.7409972299168975,100.0,64
0.9,9,0.7047970479704797,0.7386130488305294,1.0,64
0.1,0,0.595980311730927,0.825925925925926,10.0,128
0.2,0,0.6488232579603138,0.7689463955637708,100.0,128
0.30000000000000004,0,0.6719409282700421,0.75,10.0,128
0.4,0,0.68,0.7414589104339797,10.0,128
0.5,0,0.6979320531757754,0.7304283604135894,10.0,128
0.6,0,0.6817343173431735,0.729679802955665,10.0,128
0.7000000000000001,0,0.6912669126691267,0.7261213720316623,10.0,128
0.8,0,0.6992619926199262,0.721606648199446,1000.0,128
0.9,0,0.7195571955719557,0.7185063602790316,10.0,128
0.1,1,0.5857260049220673,0.8333333333333334,10.0,128
0.2,1,0.6511305952930319,0.7818853974121996,10.0,128
0.30000000000000004,1,0.6619198312236287,0.7573891625615764,10.0,128
0.4,1,0.6732307692307692,0.7460757156048015,10.0,128
0.5,1,0.6853766617429837,0.7304283604135894,1000.0,128
0.6,1,0.683579335793358,0.7266009852216748,10.0,128
0.7000000000000001,1,0.6888068880688807,0.7234828496042216,10.0,128
0.8,1,0.6955719557195572,0.7206832871652816,1.0,128
0.9,1,0.6863468634686347,0.7209684037751334,10.0,128
0.1,2,0.6152584085315833,0.8074074074074075,10.0,128
0.2,2,0.652053530226119,0.7744916820702403,10.0,128
0.30000000000000004,2,0.6693037974683544,0.7549261083743842,10.0,128
0.4,2,0.68,0.7479224376731302,10.0,128
0.5,2,0.6750369276218612,0.741506646971935,10.0,128
0.6,2,0.6752767527675276,0.7395320197044335,10.0,128
0.7000000000000001,2,0.6863468634686347,0.7255936675461742,1000.0,128
0.8,2,0.6900369003690037,0.7220683287165282,10.0,128
0.9,2,0.6752767527675276,0.7217890849405006,1.0,128
0.1,3,0.6230516817063166,0.7962962962962963,10.0,128
0.2,3,0.6612828795569913,0.7818853974121996,10.0,128
0.30000000000000004,3,0.6714135021097046,0.7672413793103449,1000.0,128
0.4,3,0.6683076923076923,0.7479224376731302,10.0,128
0.5,3,0.6824224519940916,0.7378138847858198,1000.0,128
0.6,3,0.6826568265682657,0.7339901477832512,10.0,128
0.7000000000000001,3,0.6740467404674046,0.7335092348284961,10.0,128
0.8,3,0.6734317343173432,0.7276084949215144,1000.0,128
0.9,3,0.6531365313653137,0.724661469019286,1000.0,128
0.1,4,0.559064807219032,0.7814814814814814,10.0,128
0.2,4,0.6525149976926626,0.7504621072088724,10.0,128
0.30000000000000004,4,0.6682489451476793,0.7327586206896551,10.0,128
0.4,4,0.6886153846153846,0.7211449676823638,10.0,128
0.5,4,0.6838995568685377,0.7215657311669128,1.0,128
0.6,4,0.6992619926199262,0.7229064039408867,10.0,128
0.7000000000000001,4,0.6998769987699877,0.7182058047493404,1.0,128
0.8,4,0.6974169741697417,0.7206832871652816,10.0,128
0.9,4,0.6937269372693727,0.7205580631924497,10.0,128
0.1,5,0.6115668580803938,0.8407407407407408,10.0,128
0.2,5,0.6617443470235348,0.7781885397412199,10.0,128
0.30000000000000004,5,0.6529535864978903,0.7586206896551724,1.0,128
0.4,5,0.6726153846153846,0.7451523545706371,10.0,128
0.5,5,0.6779911373707533,0.7333825701624815,10.0,128
0.6,5,0.6918819188191881,0.7302955665024631,10.0,128
0.7000000000000001,5,0.6961869618696187,0.725065963060686,1000.0,128
0.8,5,0.7047970479704797,0.7206832871652816,1.0,128
0.9,5,0.6937269372693727,0.7221994255231843,1000.0,128
0.1,6,0.5824446267432322,0.8111111111111111,10.0,128
0.2,6,0.6183664051684357,0.7707948243992606,10.0,128
0.30000000000000004,6,0.6777426160337553,0.7401477832512315,10.0,128
0.4,6,0.688,0.7349953831948292,10.0,128
0.5,6,0.6831610044313147,0.7296898079763663,10.0,128
0.6,6,0.6964944649446494,0.7216748768472906,1.0,128
0.7000000000000001,6,0.6814268142681427,0.7282321899736148,10.0,128
0.8,6,0.6808118081180812,0.7229916897506925,1000.0,128
0.9,6,0.7084870848708487,0.7189167008617152,10.0,128
0.1,7,0.6021328958162429,0.8222222222222222,10.0,128
0.2,7,0.6349792339640056,0.7689463955637708,10.0,128
0.30000000000000004,7,0.680379746835443,0.7487684729064039,100.0,128
0.4,7,0.6750769230769231,0.7451523545706371,1000.0,128
0.5,7,0.6831610044313147,0.7363367799113737,1000.0,128
0.6,7,0.6918819188191881,0.729064039408867,10.0,128
0.7000000000000001,7,0.6888068880688807,0.7240105540897097,1000.0,128
0.8,7,0.6937269372693727,0.7229916897506925,10.0,128
0.9,7,0.6568265682656826,0.724661469019286,1000.0,128
0.1,8,0.6136177194421657,0.8148148148148148,10.0,128
0.2,8,0.6169820027688048,0.767097966728281,10.0,128
0.30000000000000004,8,0.6408227848101266,0.7426108374384236,100.0,128
0.4,8,0.6726153846153846,0.7423822714681441,10.0,128
0.5,8,0.6802067946824224,0.7296898079763663,10.0,128
0.6,8,0.6826568265682657,0.7302955665024631,1000.0,128
0.7000000000000001,8,0.6826568265682657,0.7287598944591029,10.0,128
0.8,8,0.6789667896678967,0.7299168975069252,10.0,128
0.9,8,0.6531365313653137,0.7263028313500205,10.0,128
0.1,9,0.5726004922067268,0.7851851851851852,10.0,128
0.2,9,0.6511305952930319,0.767097966728281,10.0,128
0.30000000000000004,9,0.6867088607594937,0.7475369458128078,10.0,128
0.4,9,0.6855384615384615,0.7433056325023084,10.0,128
0.5,9,0.6838995568685377,0.7378138847858198,10.0,128
0.6,9,0.6706642066420664,0.7346059113300493,10.0,128
0.7000000000000001,9,0.6924969249692496,0.7287598944591029,10.0,128
0.8,9,0.6863468634686347,0.7239150507848569,1000.0,128
0.9,9,0.6937269372693727,0.7201477226097661,10.0,128
0.1,0,0.5065627563576702,0.8814814814814815,10.0,256
0.2,0,0.59206275957545,0.8151571164510166,10.0,256
0.30000000000000004,0,0.6429324894514767,0.7832512315270936,10.0,256
0.4,0,0.6547692307692308,0.7765466297322253,10.0,256
0.5,0,0.6514032496307238,0.7629246676514032,10.0,256
0.6,0,0.6586715867158671,0.7580049261083743,10.0,256
0.7000000000000001,0,0.6752767527675276,0.7493403693931399,1000.0,256
0.8,0,0.6900369003690037,0.7405355493998154,1000.0,256
0.9,0,0.7416974169741697,0.7320475995075914,10.0,256
0.1,1,0.5131255127153405,0.8851851851851852,10.0,256
0.2,1,0.5662205814490079,0.8207024029574861,10.0,256
0.30000000000000004,1,0.6424050632911392,0.7869458128078818,10.0,256
0.4,1,0.6590769230769231,0.7765466297322253,10.0,256
0.5,1,0.6794682422451994,0.7658788774002954,10.0,256
0.6,1,0.6845018450184502,0.7481527093596059,1.0,256
0.7000000000000001,1,0.6838868388683886,0.7472295514511873,1000.0,256
0.8,1,0.6863468634686347,0.7437673130193906,10.0,256
0.9,1,0.6420664206642066,0.7439474764054165,1000.0,256
0.1,2,0.49343724364232977,0.8777777777777778,10.0,256
0.2,2,0.5888324873096447,0.8151571164510166,10.0,256
0.30000000000000004,2,0.6329113924050633,0.7869458128078818,10.0,256
0.4,2,0.6430769230769231,0.7673130193905817,100.0,256
0.5,2,0.6499261447562777,0.7636632200886263,1000.0,256
0.6,2,0.665129151291513,0.7598522167487685,10.0,256
0.7000000000000001,2,0.6678966789667896,0.7493403693931399,10.0,256
0.8,2,0.6863468634686347,0.7391505078485688,1.0,256
0.9,2,0.6678966789667896,0.7398440705785803,1.0,256
0.1,3,0.4864643150123052,0.9,10.0,256
0.2,3,0.5805260729118598,0.844731977818854,10.0,256
0.30000000000000004,3,0.6218354430379747,0.8029556650246306,10.0,256
0.4,3,0.6529230769230769,0.7710064635272391,10.0,256
0.5,3,0.670605612998523,0.7666174298375185,10.0,256
0.6,3,0.6642066420664207,0.7641625615763546,10.0,256
0.7000000000000001,3,0.6691266912669127,0.7551451187335092,10.0,256
0.8,3,0.6789667896678967,0.7460757156048015,10.0,256
0.9,3,0.6642066420664207,0.7431267952400492,10.0,256
0.1,4,0.5164068908941756,0.8777777777777778,10.0,256
0.2,4,0.5952930318412551,0.8022181146025879,10.0,256
0.30000000000000004,4,0.6334388185654009,0.7783251231527094,10.0,256
0.4,4,0.6547692307692308,0.7608494921514312,10.0,256
0.5,4,0.6683899556868538,0.7562776957163959,10.0,256
0.6,4,0.6697416974169742,0.7524630541871922,10.0,256
0.7000000000000001,4,0.6900369003690037,0.7419525065963061,1000.0,256
0.8,4,0.6734317343173432,0.7391505078485688,10.0,256
0.9,4,0.6678966789667896,0.7398440705785803,10.0,256
0.1,5,0.5176374077112387,0.8777777777777778,10.0,256
0.2,5,0.5879095523765574,0.8077634011090573,10.0,256
0.30000000000000004,5,0.6439873417721519,0.7931034482758621,10.0,256
0.4,5,0.656,0.7765466297322253,1000.0,256
0.5,5,0.6765140324963073,0.7644017725258493,100.0,256
0.6,5,0.672509225092251,0.7573891625615764,10.0,256
0.7000000000000001,5,0.6863468634686347,0.7477572559366754,10.0,256
0.8,5,0.6992619926199262,0.7414589104339797,10.0,256
0.9,5,0.6826568265682657,0.739023389413213,10.0,256
0.1,6,0.4938474159146842,0.9074074074074074,10.0,256
0.2,6,0.5985233041070604,0.8391866913123844,100.0,256
0.30000000000000004,6,0.6329113924050633,0.7955665024630542,1000.0,256
0.4,6,0.6381538461538462,0.7765466297322253,10.0,256
0.5,6,0.6713441654357459,0.7607090103397341,1000.0,256
0.6,6,0.6881918819188192,0.75,1000.0,256
0.7000000000000001,6,0.6851168511685117,0.7488126649076517,10.0,256
0.8,6,0.6900369003690037,0.7437673130193906,10.0,256
0.9,6,0.6752767527675276,0.7414854329093147,10.0,256
0.1,7,0.5225594749794914,0.8962962962962963,10.0,256
0.2,7,0.6040609137055838,0.8114602587800369,10.0,256
0.30000000000000004,7,0.640295358649789,0.7783251231527094,1000.0,256
0.4,7,0.6603076923076923,0.7673130193905817,10.0,256
0.5,7,0.6632200886262924,0.7636632200886263,10.0,256
0.6,7,0.6891143911439115,0.7469211822660099,10.0,256
0.7000000000000001,7,0.7060270602706027,0.7377308707124011,1000.0,256
0.8,7,0.6918819188191881,0.7405355493998154,1000.0,256
0.9,7,0.6494464944649446,0.7406647517439475,1.0,256
0.1,8,0.5188679245283019,0.8703703703703703,10.0,256
0.2,8,0.6128287955699123,0.822550831792976,10.0,256
0.30000000000000004,8,0.6323839662447257,0.7832512315270936,1000.0,256
0.4,8,0.6553846153846153,0.7682363804247461,10.0,256
0.5,8,0.6624815361890695,0.7511078286558346,10.0,256
0.6,8,0.6780442804428044,0.750615763546798,10.0,256
0.7000000000000001,8,0.6765067650676507,0.7393139841688654,1.0,256
0.8,8,0.6678966789667896,0.7479224376731302,1.0,256
0.9,8,0.6420664206642066,0.7423061140746819,1.0,256
0.1,9,0.4191960623461854,0.7,1.0,256
0.2,9,0.5805260729118598,0.8151571164510166,100.0,256
0.30000000000000004,9,0.6408227848101266,0.7844827586206896,10.0,256
0.4,9,0.6676923076923077,0.7700831024930748,1000.0,256
0.5,9,0.6809453471196455,0.757754800590842,10.0,256
0.6,9,0.6706642066420664,0.7530788177339901,10.0,256
0.7000000000000001,9,0.6801968019680197,0.745646437994723,10.0,256
0.8,9,0.6549815498154982,0.7465373961218836,10.0,256
0.9,9,0.6863468634686347,0.7373820270824785,1000.0,256
0.1,0,0.4384741591468417,0.9444444444444444,10.0,512
0.2,0,0.5592985694508538,0.9186691312384473,10.0,512
0.30000000000000004,0,0.6186708860759493,0.9002463054187192,10.0,512
0.4,0,0.6541538461538462,0.8818097876269622,10.0,512
0.5,0,0.6994091580502215,0.8574593796159528,1000.0,512
0.6,0,0.7121771217712177,0.8472906403940886,10.0,512
0.7000000000000001,0,0.7318573185731857,0.8337730870712401,100.0,512
0.8,0,0.7435424354243543,0.8264081255771006,1000.0,512
0.9,0,0.7785977859778598,0.8182191218711531,1000.0,512
0.1,1,0.45488105004101725,0.9444444444444444,10.0,512
0.2,1,0.5565297646515921,0.9075785582255084,10.0,512
0.30000000000000004,1,0.6445147679324894,0.8854679802955665,10.0,512
0.4,1,0.7033846153846154,0.8550323176361958,10.0,512
0.5,1,0.707533234859675,0.8485967503692762,10.0,512
0.6,1,0.727859778597786,0.8411330049261084,10.0,512
0.7000000000000001,1,0.7429274292742928,0.8311345646437994,1000.0,512
0.8,1,0.7472324723247232,0.8291782086795937,10.0,512
0.9,1,0.7195571955719557,0.826015592942142,10.0,512
0.1,2,0.45693191140278916,0.9444444444444444,10.0,512
0.2,2,0.5542224273188741,0.8927911275415896,10.0,512
0.30000000000000004,2,0.634493670886076,0.8731527093596059,10.0,512
0.4,2,0.664,0.8670360110803325,10.0,512
0.5,2,0.672082717872969,0.8596750369276218,1000.0,512
0.6,2,0.6826568265682657,0.8522167487684729,10.0,512
0.7000000000000001,2,0.7097170971709718,0.837467018469657,1000.0,512
0.8,2,0.7177121771217713,0.8282548476454293,1000.0,512
0.9,2,0.7453874538745388,0.8235535494460402,1000.0,512
0.1,3,0.4520098441345365,0.9481481481481482,10.0,512
0.2,3,0.5468389478541763,0.9279112754158965,10.0,512
0.30000000000000004,3,0.6102320675105485,0.8854679802955665,10.0,512
0.4,3,0.6443076923076924,0.8578024007386889,10.0,512
0.5,3,0.6979320531757754,0.8426883308714919,10.0,512
0.6,3,0.716789667896679,0.8399014778325123,10.0,512
0.7000000000000001,3,0.7158671586715867,0.8348284960422163,10.0,512
0.8,3,0.7435424354243543,0.8287165281625115,10.0,512
0.9,3,0.7490774907749077,0.821501846532622,1000.0,512
0.1,4,0.4639048400328138,0.9629629629629629,10.0,512
0.2,4,0.5574526995846792,0.911275415896488,10.0,512
0.30000000000000004,4,0.6054852320675106,0.8830049261083743,10.0,512
0.4,4,0.6818461538461539,0.853185595567867,10.0,512
0.5,4,0.7060561299852289,0.8389955686853766,10.0,512
0.6,4,0.7370848708487084,0.8380541871921182,1000.0,512
0.7000000000000001,4,0.7293972939729397,0.8274406332453826,1000.0,512
0.8,4,0.7472324723247232,0.8240997229916898,1000.0,512
0.9,4,0.7158671586715867,0.8227328682806729,10.0,512
0.1,5,0.4528301886792453,0.9444444444444444,10.0,512
0.2,5,0.5473004153207199,0.8983364140480592,10.0,512
0.30000000000000004,5,0.6413502109704642,0.8842364532019704,10.0,512
0.4,5,0.6947692307692308,0.8596491228070176,10.0,512
0.5,5,0.7127031019202363,0.8581979320531757,10.0,512
0.6,5,0.7398523985239852,0.8386699507389163,10.0,512
0.7000000000000001,5,0.7453874538745388,0.8311345646437994,10.0,512
0.8,5,0.7564575645756457,0.8227146814404432,10.0,512
0.9,5,0.7416974169741697,0.821501846532622,10.0,512
0.1,6,0.4663658736669401,0.9703703703703703,10.0,512
0.2,6,0.5685279187817259,0.9094269870609981,10.0,512
0.30000000000000004,6,0.6392405063291139,0.8694581280788177,10.0,512
0.4,6,0.6658461538461539,0.8568790397045245,10.0,512
0.5,6,0.689807976366322,0.8463810930576071,10.0,512
0.6,6,0.7195571955719557,0.8368226600985221,10.0,512
0.7000000000000001,6,0.7343173431734318,0.8321899736147758,10.0,512
0.8,6,0.7435424354243543,0.8277931671283472,1000.0,512
0.9,6,0.7564575645756457,0.8202708247845711,10.0,512
0.1,7,0.4643150123051682,0.9444444444444444,10.0,512
0.2,7,0.5537609598523304,0.9020332717190388,10.0,512
0.30000000000000004,7,0.6133966244725738,0.8682266009852216,10.0,512
0.4,7,0.6566153846153846,0.8605724838411819,10.0,512
0.5,7,0.7141802067946824,0.8353028064992615,10.0,512
0.6,7,0.7223247232472325,0.833128078817734,10.0,512
0.7000000000000001,7,0.7232472324723247,0.8263852242744063,10.0,512
0.8,7,0.7638376383763837,0.8222530009233611,10.0,512
0.9,7,0.7527675276752768,0.8231432088633566,1000.0,512
0.1,8,0.4667760459392945,0.9740740740740741,10.0,512
0.2,8,0.5532994923857868,0.9242144177449169,10.0,512
0.30000000000000004,8,0.630801687763713,0.8830049261083743,10.0,512
0.4,8,0.6744615384615384,0.8670360110803325,10.0,512
0.5,8,0.7031019202363368,0.8471196454948301,10.0,512
0.6,8,0.7177121771217713,0.8417487684729064,10.0,512
0.7000000000000001,8,0.7195571955719557,0.8337730870712401,10.0,512
0.8,8,0.7158671586715867,0.8333333333333334,10.0,512
0.9,8,0.7011070110701108,0.8268362741075093,1000.0,512
0.1,9,0.4479081214109926,0.9481481481481482,10.0,512
0.2,9,0.5546838947854176,0.9075785582255084,10.0,512
0.30000000000000004,9,0.619198312236287,0.8805418719211823,10.0,512
0.4,9,0.6695384615384615,0.8605724838411819,10.0,512
0.5,9,0.7060561299852289,0.8478581979320532,10.0,512
0.6,9,0.7370848708487084,0.8343596059113301,10.0,512
0.7000000000000001,9,0.7466174661746617,0.8263852242744063,10.0,512
0.8,9,0.7398523985239852,0.8236380424746076,1000.0,512
0.9,9,0.7675276752767528,0.8186294624538367,10.0,512
0.1,0,0.3945857260049221,0.9740740740740741,10.0,1024
0.2,0,0.49146285186894323,0.9574861367837338,10.0,1024
0.30000000000000004,0,0.5458860759493671,0.9482758620689655,10.0,1024
0.4,0,0.6135384615384616,0.9279778393351801,10.0,1024
0.5,0,0.6779911373707533,0.9084194977843427,10.0,1024
0.6,0,0.7112546125461254,0.9002463054187192,10.0,1024
0.7000000000000001,0,0.7650676506765067,0.8881266490765172,10.0,1024
0.8,0,0.8044280442804428,0.8804247460757156,10.0,1024
0.9,0,0.8634686346863468,0.8768978251949118,10.0,1024
0.1,1,0.3978671041837572,0.9851851851851852,10.0,1024
0.2,1,0.4845408398707891,0.9537892791127541,10.0,1024
0.30000000000000004,1,0.5627637130801688,0.9433497536945813,10.0,1024
0.4,1,0.6393846153846154,0.9242843951985226,10.0,1024
0.5,1,0.6779911373707533,0.914327917282127,10.0,1024
0.6,1,0.7121771217712177,0.9088669950738916,10.0,1024
0.7000000000000001,1,0.7343173431734318,0.8944591029023746,10.0,1024
0.8,1,0.7859778597785978,0.8873499538319483,10.0,1024
0.9,1,0.7859778597785978,0.8818219121871153,10.0,1024
0.1,2,0.40196882690730107,0.9851851851851852,10.0,1024
0.2,2,0.4757729580064605,0.9611829944547134,10.0,1024
0.30000000000000004,2,0.544831223628692,0.9322660098522167,10.0,1024
0.4,2,0.6123076923076923,0.9196675900277008,10.0,1024
0.5,2,0.6418020679468243,0.9150664697193501,10.0,1024
0.6,2,0.6734317343173432,0.9051724137931034,10.0,1024
0.7000000000000001,2,0.6937269372693727,0.8944591029023746,10.0,1024
0.8,2,0.7232472324723247,0.8887349953831948,10.0,1024
0.9,2,0.7712177121771218,0.8830529339351662,1000.0,1024
0.1,3,0.39950779327317476,0.9666666666666667,10.0,1024
0.2,3,0.49700046146746657,0.9611829944547134,10.0,1024
0.30000000000000004,3,0.5632911392405063,0.9347290640394089,10.0,1024
0.4,3,0.6227692307692307,0.9215143120960295,10.0,1024
0.5,3,0.6816838995568686,0.9098966026587888,10.0,1024
0.6,3,0.7130996309963099,0.9064039408866995,10.0,1024
0.7000000000000001,3,0.7330873308733087,0.8981530343007915,10.0,1024
0.8,3,0.7472324723247232,0.8905817174515236,1000.0,1024
0.9,3,0.7527675276752768,0.8846942962659007,10.0,1024
0.1,4,0.3978671041837572,0.9925925925925926,10.0,1024
0.2,4,0.4836179049377019,0.9593345656192237,10.0,1024
0.30000000000000004,4,0.5464135021097046,0.9482758620689655,10.0,1024
0.4,4,0.6110769230769231,0.9242843951985226,10.0,1024
0.5,4,0.6528803545051699,0.9121122599704579,10.0,1024
0.6,4,0.6881918819188192,0.8983990147783252,10.0,1024
0.7000000000000001,4,0.7515375153751538,0.8891820580474934,10.0,1024
0.8,4,0.7804428044280443,0.8818097876269622,10.0,1024
0.9,4,0.7822878228782287,0.8834632745178498,10.0,1024
0.1,5,0.4146841673502871,0.9925925925925926,10.0,1024
0.2,5,0.5025380710659898,0.9574861367837338,10.0,1024
0.30000000000000004,5,0.5780590717299579,0.9519704433497537,10.0,1024
0.4,5,0.6387692307692308,0.9242843951985226,10.0,1024
0.5,5,0.6765140324963073,0.9165435745937962,10.0,1024
0.6,5,0.7177121771217713,0.9014778325123153,10.0,1024
0.7000000000000001,5,0.7453874538745388,0.8886543535620053,10.0,1024
0.8,5,0.7822878228782287,0.8799630655586335,10.0,1024
0.9,5,0.7859778597785978,0.8793598686910136,10.0,1024
0.1,6,0.40689089417555374,0.9555555555555556,10.0,1024
0.2,6,0.490539916935856,0.9537892791127541,10.0,1024
0.30000000000000004,6,0.5690928270042194,0.9298029556650246,10.0,1024
0.4,6,0.6203076923076923,0.9168975069252078,10.0,1024
0.5,6,0.6831610044313147,0.9025110782865583,10.0,1024
0.6,6,0.7177121771217713,0.896551724137931,10.0,1024
0.7000000000000001,6,0.7404674046740467,0.8891820580474934,10.0,1024
0.8,6,0.7804428044280443,0.884118190212373,10.0,1024
0.9,6,0.7933579335793358,0.8801805498563808,10.0,1024
0.1,7,0.41263330598851516,0.9777777777777777,10.0,1024
0.2,7,0.4679280110752192,0.944547134935305,10.0,1024
0.30000000000000004,7,0.5268987341772152,0.9285714285714286,10.0,1024
0.4,7,0.5895384615384616,0.9178208679593721,10.0,1024
0.5,7,0.6698670605612999,0.9054652880354506,10.0,1024
0.6,7,0.7029520295202952,0.8977832512315271,10.0,1024
0.7000000000000001,7,0.7220172201722017,0.8897097625329815,10.0,1024
0.8,7,0.7712177121771218,0.884118190212373,10.0,1024
0.9,7,0.7822878228782287,0.8818219121871153,10.0,1024
0.1,8,0.3933552091878589,0.9740740740740741,10.0,1024
0.2,8,0.4794646977388094,0.9630314232902033,10.0,1024
0.30000000000000004,8,0.5443037974683544,0.9408866995073891,10.0,1024
0.4,8,0.6030769230769231,0.9242843951985226,10.0,1024
0.5,8,0.6580502215657311,0.9069423929098966,10.0,1024
0.6,8,0.7130996309963099,0.9033251231527094,10.0,1024
0.7000000000000001,8,0.7576875768757687,0.8944591029023746,10.0,1024
0.8,8,0.7712177121771218,0.8901200369344414,10.0,1024
0.9,8,0.7638376383763837,0.8826425933524825,10.0,1024
0.1,9,0.40401968826907303,0.9814814814814815,10.0,1024
0.2,9,0.47715736040609136,0.9593345656192237,10.0,1024
0.30000000000000004,9,0.5569620253164557,0.9458128078817734,10.0,1024
0.4,9,0.6246153846153846,0.9270544783010157,10.0,1024
0.5,9,0.6868537666174298,0.9084194977843427,10.0,1024
0.6,9,0.7297047970479705,0.9002463054187192,10.0,1024
0.7000000000000001,9,0.7687576875768758,0.8939313984168865,10.0,1024
0.8,9,0.7859778597785978,0.8859649122807017,10.0,1024
0.9,9,0.7822878228782287,0.8822322527697989,10.0,1024
0.1,0,0.7415914684167351,0.9925925925925926,1.0,0
0.2,0,0.7872634979233964,0.9981515711645101,10.0,0
0.30000000000000004,0,0.8032700421940928,0.9963054187192119,100.0,0
0.4,0,0.8104615384615385,0.9963065558633426,100.0,0
0.5,0,0.8205317577548006,0.9918759231905465,10.0,0
0.6,0,0.8311808118081181,0.9550492610837439,1.0,0
0.7000000000000001,0,0.8277982779827798,0.9456464379947229,1.0,0
0.8,0,0.8357933579335793,0.9861495844875346,10.0,0
0.9,0,0.8671586715867159,0.9388592531801395,1.0,0
0.1,1,0.7534864643150123,0.9888888888888889,1.0,0
0.2,1,0.7854176280572219,0.966728280961183,1.0,0
0.30000000000000004,1,0.7990506329113924,0.958128078817734,1.0,0
0.4,1,0.812923076923077,0.9501385041551247,1.0,0
0.5,1,0.8264401772525849,0.9534711964549483,1.0,0
0.6,1,0.8339483394833949,0.9519704433497537,1.0,0
0.7000000000000001,1,0.8253382533825339,0.9878627968337731,10.0,0
0.8,1,0.8505535055350554,0.9455216989843028,1.0,0
0.9,1,0.8413284132841329,0.940500615510874,1.0,0
0.1,2,0.7690730106644791,0.9851851851851852,1.0,0
0.2,2,0.7928011075219197,0.9648798521256932,1.0,0
0.30000000000000004,2,0.8095991561181435,0.9556650246305419,1.0,0
0.4,2,0.8135384615384615,0.9926131117266851,100.0,0
0.5,2,0.8205317577548006,0.965288035450517,1.0,0
0.6,2,0.8219557195571956,0.9895320197044335,10.0,0
0.7000000000000001,2,0.8351783517835178,0.9451187335092348,1.0,0
0.8,2,0.8376383763837638,0.9404432132963989,1.0,0
0.9,2,0.8413284132841329,0.941731637258925,1.0,0
0.1,3,0.7506152584085316,1.0,10.0,0
0.2,3,0.7761882787263498,0.9981515711645101,10.0,0
0.30000000000000004,3,0.7969409282700421,0.9901477832512315,10.0,0
0.4,3,0.8018461538461539,0.9566020313942751,1.0,0
0.5,3,0.8116691285081241,0.9896602658788775,1000.0,0
0.6,3,0.8201107011070111,0.9913793103448276,10.0,0
0.7000000000000001,3,0.8081180811808119,0.99155672823219,10.0,0
0.8,3,0.8247232472324724,0.987072945521699,10.0,0
0.9,3,0.8376383763837638,0.9864587607714403,10.0,0
0.1,4,0.7493847415914684,1.0,10.0,0
0.2,4,0.7835717581910475,0.9963031423290203,10.0,0
0.30000000000000004,4,0.7848101265822784,0.958128078817734,1.0,0
0.4,4,0.7944615384615384,0.9584487534626038,1.0,0
0.5,4,0.7991137370753324,0.9512555391432792,1.0,0
0.6,4,0.8182656826568265,0.9476600985221675,1.0,0
0.7000000000000001,4,0.8425584255842559,0.9451187335092348,1.0,0
0.8,4,0.8542435424354243,0.9395198522622346,1.0,0
0.9,4,0.8265682656826568,0.9835863766926549,10.0,0
0.1,5,0.7079573420836751,0.8407407407407408,0.1,0
0.2,5,0.7789570835256114,0.9907578558225508,100.0,0
0.30000000000000004,5,0.7985232067510548,0.9913793103448276,10.0,0
0.4,5,0.812923076923077,0.9935364727608494,10.0,0
0.5,5,0.8064992614475628,0.9903988183161004,10.0,0
0.6,5,0.8284132841328413,0.9883004926108374,10.0,0
0.7000000000000001,5,0.8327183271832719,0.9878627968337731,10.0,0
0.8,5,0.8560885608856088,0.9861495844875346,10.0,0
0.9,5,0.8708487084870848,0.9844070578580222,10.0,0
0.1,6,0.7420016406890895,0.9925925925925926,100.0,0
0.2,6,0.7863405629903092,0.9963031423290203,10.0,0
0.30000000000000004,6,0.79957805907173,0.9605911330049262,1.0,0
0.4,6,0.8135384615384615,0.9538319482917821,1.0,0
0.5,6,0.8168389955686853,0.9889217134416544,10.0,0
0.6,6,0.8228782287822878,0.9507389162561576,1.0,0
0.7000000000000001,6,0.8388683886838868,0.9472295514511874,1.0,0
0.8,6,0.8450184501845018,0.9427516158818098,1.0,0
0.9,6,0.8413284132841329,0.9433729995896594,1.0,0
0.1,7,0.7313371616078753,1.0,100.0,0
0.2,7,0.7669589293954776,0.9648798521256932,1.0,0
0.30000000000000004,7,0.794831223628692,0.9975369458128078,10.0,0
0.4,7,0.8067692307692308,0.997229916897507,10.0,0
0.5,7,0.8205317577548006,0.9542097488921714,1.0,0
0.6,7,0.8385608856088561,0.9501231527093597,1.0,0
0.7000000000000001,7,0.8351783517835178,0.9910290237467019,10.0,0
0.8,7,0.8616236162361623,0.9395198522622346,1.0,0
0.9,7,0.8450184501845018,0.9396799343455068,1.0,0
0.1,8,0.7518457752255947,0.9925925925925926,1.0,0
0.2,8,0.7817258883248731,0.9944547134935305,10.0,0
0.30000000000000004,8,0.7969409282700421,0.9667487684729064,1.0,0
0.4,8,0.792,0.9916897506925207,10.0,0
0.5,8,0.8131462333825702,0.9497784342688331,1.0,0
0.6,8,0.8127306273062731,0.9464285714285714,1.0,0
0.7000000000000001,8,0.8253382533825339,0.9482849604221636,1.0,0
0.8,8,0.8284132841328413,0.9450600184672207,1.0,0
0.9,8,0.8228782287822878,0.9409109560935577,1.0,0
0.1,9,0.7514356029532404,0.9925925925925926,1.0,0
0.2,9,0.7683433317951085,0.9704251386321626,1.0,0
0.30000000000000004,9,0.7816455696202531,0.9963054187192119,100.0,0
0.4,9,0.8018461538461539,0.961218836565097,1.0,0
0.5,9,0.8227474150664698,0.9579025110782866,1.0,0
0.6,9,0.8284132841328413,0.9519704433497537,1.0,0
0.7000000000000001,9,0.8474784747847478,0.9894459102902374,10.0,0
0.8,9,0.8357933579335793,0.9875346260387812,10.0,0
0.9,9,0.8597785977859779,0.9441936807550266,1.0,0
