ratio,run,cluster_acc,cluster_acc_train,best_C,depth
0.1,0,0.485233798195242,0.5037037037037037,1000.0,0
0.2,0,0.5934471619750807,0.6284658040665434,0.1,0
0.30000000000000004,0,0.6624472573839663,0.6773399014778325,0.1,0
0.4,0,0.7027692307692308,0.7285318559556787,10.0,0
0.5,0,0.741506646971935,0.7651403249630724,1000.0,0
0.6,0,0.790590405904059,0.7943349753694581,1.0,0
0.7000000000000001,0,0.8142681426814268,0.8147757255936675,1000.0,0
0.8,0,0.8302583025830258,0.8356417359187442,0.1,0
0.9,0,0.8450184501845018,0.8510463684858433,1.0,0
0.1,1,0.47703035274815425,0.4888888888888889,10.0,0
0.2,1,0.5689893862482694,0.5859519408502772,10.0,0
0.30000000000000004,1,0.6318565400843882,0.6268472906403941,0.1,0
0.4,1,0.692923076923077,0.6851338873499538,0.1,0
0.5,1,0.7562776957163959,0.7525849335302807,1.0,0
0.6,1,0.7859778597785978,0.8029556650246306,1000.0,0
0.7000000000000001,1,0.8154981549815498,0.8153034300791556,1.0,0
0.8,1,0.8505535055350554,0.8356417359187442,0.01,0
0.9,1,0.8302583025830258,0.8555601148953631,0.1,0
0.1,2,0.389253486464315,0.4148148148148148,10.0,0
0.2,2,0.5454545454545454,0.5600739371534196,1.0,0
0.30000000000000004,2,0.6318565400843882,0.6293103448275862,1.0,0
0.4,2,0.6904615384615385,0.6980609418282548,0.1,0
0.5,2,0.7319054652880355,0.7488921713441654,0.1,0
0.6,2,0.7712177121771218,0.7850985221674877,1000.0,0
0.7000000000000001,2,0.7982779827798278,0.8094986807387863,0.1,0
0.8,2,0.8376383763837638,0.832409972299169,1.0,0
0.9,2,0.8302583025830258,0.8572014772260976,1000.0,0
0.1,3,0.4721082854799016,0.44074074074074077,1.0,0
0.2,3,0.5814490078449469,0.5767097966728281,10.0,0
0.30000000000000004,3,0.6439873417721519,0.6748768472906403,10.0,0
0.4,3,0.7138461538461538,0.7386888273314867,10.0,0
0.5,3,0.7503692762186115,0.7555391432791728,100.0,0
0.6,3,0.7804428044280443,0.791871921182266,0.1,0
0.7000000000000001,3,0.8044280442804428,0.8174142480211082,1000.0,0
0.8,3,0.8302583025830258,0.8314866112650047,0.01,0
0.9,3,0.8487084870848709,0.8510463684858433,1000.0,0
0.1,4,0.44011484823625924,0.45185185185185184,10.0,0
0.2,4,0.5662205814490079,0.49722735674676527,100.0,0
0.30000000000000004,4,0.6339662447257384,0.6169950738916257,1000.0,0
0.4,4,0.6787692307692308,0.6666666666666666,0.1,0
0.5,4,0.7548005908419497,0.7289512555391433,0.01,0
0.6,4,0.7915129151291513,0.750615763546798,0.01,0
0.7000000000000001,4,0.8388683886838868,0.7868073878627968,10.0,0
0.8,4,0.8856088560885609,0.8204062788550324,10.0,0
0.9,4,0.8856088560885609,0.8477636438243742,100.0,0
0.1,5,0.4643150123051682,0.44814814814814813,1.0,0
0.2,5,0.5980618366405168,0.5767097966728281,1.0,0
0.30000000000000004,5,0.6503164556962026,0.666256157635468,1.0,0
0.4,5,0.7255384615384616,0.7248384118190212,0.1,0
0.5,5,0.759970457902511,0.7680945347119645,1.0,0
0.6,5,0.7961254612546126,0.7881773399014779,100.0,0
0.7000000000000001,5,0.8105781057810578,0.8147757255936675,1.0,0
0.8,5,0.8210332103321033,0.8462603878116344,100.0,0
0.9,5,0.8671586715867159,0.853508411981945,100.0,0
0.1,6,0.43150123051681705,0.45555555555555555,100.0,0
0.2,6,0.5551453622519612,0.5415896487985212,10.0,0
0.30000000000000004,6,0.6165611814345991,0.6674876847290641,100.0,0
0.4,6,0.688,0.6823638042474608,100.0,0
0.5,6,0.7518463810930576,0.723781388478582,0.1,0
0.6,6,0.7785977859778598,0.7832512315270936,10.0,0
0.7000000000000001,6,0.8130381303813038,0.8036939313984169,1.0,0
0.8,6,0.8468634686346863,0.830101569713758,1000.0,0
0.9,6,0.8450184501845018,0.856791136643414,10.0,0
0.1,7,0.48441345365053323,0.5185185185185185,1.0,0
0.2,7,0.6012921089063221,0.6155268022181146,1.0,0
0.30000000000000004,7,0.6766877637130801,0.6908866995073891,0.1,0
0.4,7,0.7163076923076923,0.7451523545706371,0.1,0
0.5,7,0.7695716395864106,0.7754800590841949,0.1,0
0.6,7,0.7850553505535055,0.8054187192118226,0.01,0
0.7000000000000001,7,0.8290282902829028,0.8269129287598944,1000.0,0
0.8,7,0.8487084870848709,0.8407202216066482,10.0,0
0.9,7,0.8745387453874539,0.8514567090685269,10.0,0
0.1,8,0.4495488105004102,0.48148148148148145,1.0,0
0.2,8,0.5796031379787725,0.5471349353049908,1.0,0
0.30000000000000004,8,0.6424050632911392,0.6317733990147784,0.1,0
0.4,8,0.7021538461538461,0.6823638042474608,0.1,0
0.5,8,0.757754800590842,0.7481536189069424,0.1,0
0.6,8,0.7869003690036901,0.7881773399014779,1.0,0
0.7000000000000001,8,0.8228782287822878,0.8073878627968337,1.0,0
0.8,8,0.8247232472324724,0.8337950138504155,1.0,0
0.9,8,0.8376383763837638,0.8518670496512105,1.0,0
0.1,9,0.45980311730926987,0.4962962962962963,10.0,0
0.2,9,0.5791416705122289,0.600739371534196,0.1,0
0.30000000000000004,9,0.6360759493670886,0.6699507389162561,0.1,0
0.4,9,0.6947692307692308,0.7072945521698984,0.1,0
0.5,9,0.7363367799113737,0.7496307237813885,0.01,0
0.6,9,0.7869003690036901,0.7961822660098522,0.1,0
0.7000000000000001,9,0.8167281672816729,0.8195250659630607,100.0,0
0.8,9,0.8394833948339483,0.8411819021237303,10.0,0
0.9,9,0.8413284132841329,0.8539187525646287,0.01,0
0.1,0,0.6501230516817064,0.7037037037037037,1.0,1
0.2,0,0.7521919704660821,0.8040665434380776,100.0,1
0.30000000000000004,0,0.7742616033755274,0.7992610837438424,0.01,1
0.4,0,0.7944615384615384,0.8125577100646353,0.1,1
0.5,0,0.8005908419497785,0.8242245199409158,0.01,1
0.6,0,0.8025830258302583,0.8454433497536946,0.01,1
0.7000000000000001,0,0.8277982779827798,0.8485488126649077,0.01,1
0.8,0,0.8321033210332104,0.8568790397045245,0.01,1
0.9,0,0.8376383763837638,0.8645876077144029,0.01,1
0.1,1,0.649712879409352,0.7111111111111111,1000.0,1
0.2,1,0.7365020766035995,0.7744916820702403,1000.0,1
0.30000000000000004,1,0.7436708860759493,0.7660098522167488,0.01,1
0.4,1,0.7975384615384615,0.801477377654663,0.01,1
0.5,1,0.8020679468242246,0.8190546528803545,0.001,1
0.6,1,0.8339483394833949,0.8435960591133005,0.01,1
0.7000000000000001,1,0.8450184501845018,0.8437994722955146,0.001,1
0.8,1,0.8653136531365314,0.8559556786703602,0.1,1
0.9,1,0.8376383763837638,0.861304883052934,0.1,1
0.1,2,0.605414273995078,0.6925925925925925,1000.0,1
0.2,2,0.7138901707429626,0.7837338262476895,10.0,1
0.30000000000000004,2,0.7420886075949367,0.7931034482758621,0.01,1
0.4,2,0.784,0.8190212373037857,100.0,1
0.5,2,0.7954209748892171,0.8183161004431314,0.01,1
0.6,2,0.8062730627306273,0.8386699507389163,0.001,1
0.7000000000000001,2,0.8290282902829028,0.8496042216358839,0.01,1
0.8,2,0.8302583025830258,0.8610341643582641,0.01,1
0.9,2,0.8413284132841329,0.8699220352892901,1.0,1
0.1,3,0.6349466776045939,0.6111111111111112,100.0,1
0.2,3,0.7037378864790033,0.7245841035120147,0.1,1
0.30000000000000004,3,0.7473628691983122,0.7684729064039408,0.1,1
0.4,3,0.7803076923076923,0.8060941828254847,0.1,1
0.5,3,0.7902511078286558,0.8124076809453471,0.01,1
0.6,3,0.8136531365313653,0.8294334975369458,0.001,1
0.7000000000000001,3,0.8191881918819188,0.8401055408970977,0.01,1
0.8,3,0.8394833948339483,0.8476454293628809,0.01,1
0.9,3,0.8413284132841329,0.8629462453836685,0.01,1
0.1,4,0.6419196062346185,0.7,1000.0,1
0.2,4,0.6977388094139363,0.6839186691312384,0.01,1
0.30000000000000004,4,0.7710970464135021,0.7450738916256158,0.1,1
0.4,4,0.803076923076923,0.7682363804247461,0.01,1
0.5,4,0.8249630723781388,0.7998522895125554,0.001,1
0.6,4,0.8468634686346863,0.8146551724137931,0.01,1
0.7000000000000001,4,0.8671586715867159,0.8295514511873351,0.01,1
0.8,4,0.8966789667896679,0.8384118190212373,1000.0,1
0.9,4,0.9077490774907749,0.8551497743126796,0.1,1
0.1,5,0.6669401148482362,0.6703703703703704,10.0,1
0.2,5,0.721735117674204,0.7264325323475046,10.0,1
0.30000000000000004,5,0.7510548523206751,0.7807881773399015,100.0,1
0.4,5,0.8,0.8070175438596491,0.01,1
0.5,5,0.8005908419497785,0.827917282127031,0.1,1
0.6,5,0.816420664206642,0.8386699507389163,0.01,1
0.7000000000000001,5,0.8327183271832719,0.8469656992084432,0.01,1
0.8,5,0.8357933579335793,0.8596491228070176,1.0,1
0.9,5,0.8671586715867159,0.8649979482970865,1.0,1
0.1,6,0.6173092698933552,0.6925925925925925,10.0,1
0.2,6,0.7291185971389017,0.7282809611829945,10.0,1
0.30000000000000004,6,0.7589662447257384,0.7733990147783252,0.01,1
0.4,6,0.7876923076923077,0.778393351800554,0.01,1
0.5,6,0.8079763663220089,0.7983751846381093,0.001,1
0.6,6,0.8330258302583026,0.8263546798029556,0.01,1
0.7000000000000001,6,0.8388683886838868,0.8337730870712401,0.001,1
0.8,6,0.8671586715867159,0.8471837488457987,0.1,1
0.9,6,0.8376383763837638,0.8645876077144029,1.0,1
0.1,7,0.6599671862182116,0.7703703703703704,10.0,1
0.2,7,0.7106598984771574,0.7282809611829945,0.1,1
0.30000000000000004,7,0.7842827004219409,0.7733990147783252,0.1,1
0.4,7,0.803076923076923,0.788550323176362,0.01,1
0.5,7,0.8094534711964549,0.8242245199409158,0.001,1
0.6,7,0.8219557195571956,0.8392857142857143,0.01,1
0.7000000000000001,7,0.8474784747847478,0.8406332453825858,0.1,1
0.8,7,0.8560885608856088,0.850415512465374,1.0,1
0.9,7,0.8819188191881919,0.8604842018875667,0.1,1
0.1,8,0.64766201804758,0.6888888888888889,0.1,1
0.2,8,0.7480387632671897,0.7467652495378928,100.0,1
0.30000000000000004,8,0.7758438818565401,0.7684729064039408,0.01,1
0.4,8,0.7913846153846154,0.7793167128347184,0.001,1
0.5,8,0.8131462333825702,0.8064992614475628,0.01,1
0.6,8,0.8302583025830258,0.8269704433497537,0.01,1
0.7000000000000001,8,0.8400984009840098,0.8343007915567282,0.01,1
0.8,8,0.8542435424354243,0.8499538319482918,0.1,1
0.9,8,0.8745387453874539,0.8654082888797702,1.0,1
0.1,9,0.5988515176374077,0.6037037037037037,1.0,1
0.2,9,0.7078910936778957,0.7301293900184843,1.0,1
0.30000000000000004,9,0.7536919831223629,0.7623152709359606,0.01,1
0.4,9,0.7944615384615384,0.788550323176362,0.01,1
0.5,9,0.8138847858197932,0.8161004431314623,0.01,1
0.6,9,0.8201107011070111,0.8300492610837439,0.01,1
0.7000000000000001,9,0.8302583025830258,0.8427440633245382,10.0,1
0.8,9,0.8339483394833949,0.8545706371191135,0.01,1
0.9,9,0.8376383763837638,0.8695116947066065,100.0,1
0.1,0,0.7050861361771944,0.7814814814814814,1.0,2
0.2,0,0.7715736040609137,0.8207024029574861,0.1,2
0.30000000000000004,0,0.7853375527426161,0.8275862068965517,0.1,2
0.4,0,0.8006153846153846,0.8319482917820868,0.01,2
0.5,0,0.8005908419497785,0.8426883308714919,0.1,2
0.6,0,0.8228782287822878,0.8466748768472906,0.1,2
0.7000000000000001,0,0.8400984009840098,0.8569920844327177,0.1,2
0.8,0,0.8394833948339483,0.8656509695290858,0.1,2
0.9,0,0.8413284132841329,0.8732047599507591,0.1,2
0.1,1,0.7005742411812962,0.7592592592592593,0.1,2
0.2,1,0.7508075680664513,0.8059149722735675,0.1,2
0.30000000000000004,1,0.7784810126582279,0.7980295566502463,0.01,2
0.4,1,0.8018461538461539,0.801477377654663,0.01,2
0.5,1,0.8234859675036927,0.8286558345642541,0.01,2
0.6,1,0.8413284132841329,0.8442118226600985,1.0,2
0.7000000000000001,1,0.8425584255842559,0.8506596306068601,0.1,2
0.8,1,0.8690036900369004,0.8541089566020313,0.1,2
0.9,1,0.8413284132841329,0.8654082888797702,1.0,2
0.1,2,0.6780147662018048,0.725925925925926,0.1,2
0.2,2,0.72634979233964,0.7578558225508318,0.01,2
0.30000000000000004,2,0.7674050632911392,0.8017241379310345,0.01,2
0.4,2,0.8092307692307692,0.817174515235457,0.1,2
0.5,2,0.8020679468242246,0.8308714918759232,10.0,2
0.6,2,0.8302583025830258,0.8435960591133005,0.1,2
0.7000000000000001,2,0.8351783517835178,0.8527704485488127,1.0,2
0.8,2,0.8468634686346863,0.8614958448753463,0.1,2
0.9,2,0.8413284132841329,0.8768978251949118,1.0,2
0.1,3,0.7038556193601313,0.7111111111111111,0.01,2
0.2,3,0.7383479464697739,0.7652495378927912,0.01,2
0.30000000000000004,3,0.7642405063291139,0.812807881773399,1.0,2
0.4,3,0.7833846153846153,0.830101569713758,1000.0,2
0.5,3,0.7895125553914328,0.827178729689808,0.01,2
0.6,3,0.8127306273062731,0.8423645320197044,0.1,2
0.7000000000000001,3,0.8167281672816729,0.8575197889182058,0.1,2
0.8,3,0.8468634686346863,0.858264081255771,0.1,2
0.9,3,0.8560885608856088,0.8670496512105047,1000.0,2
0.1,4,0.6812961443806399,0.7185185185185186,0.1,2
0.2,4,0.7521919704660821,0.7245841035120147,0.01,2
0.30000000000000004,4,0.7879746835443038,0.7770935960591133,1.0,2
0.4,4,0.8178461538461539,0.7903970452446907,0.1,2
0.5,4,0.8382570162481536,0.7991137370753324,0.1,2
0.6,4,0.8514760147601476,0.8134236453201971,0.01,2
0.7000000000000001,4,0.8696186961869619,0.8353562005277045,0.1,2
0.8,4,0.8985239852398524,0.8490304709141274,0.1,2
0.9,4,0.9003690036900369,0.856791136643414,0.1,2
0.1,5,0.6878589007383101,0.8037037037037037,10.0,2
0.2,5,0.7411167512690355,0.7818853974121996,10.0,2
0.30000000000000004,5,0.7579113924050633,0.791871921182266,0.1,2
0.4,5,0.7981538461538461,0.8199445983379502,1.0,2
0.5,5,0.8005908419497785,0.8412112259970458,100.0,2
0.6,5,0.816420664206642,0.8429802955665024,0.1,2
0.7000000000000001,5,0.8290282902829028,0.8511873350923482,0.1,2
0.8,5,0.8302583025830258,0.8707294552169899,0.1,2
0.9,5,0.8708487084870848,0.8682806729585556,1.0,2
0.1,6,0.6780147662018048,0.7481481481481481,1.0,2
0.2,6,0.7420396862021228,0.7800369685767098,0.1,2
0.30000000000000004,6,0.7668776371308017,0.8165024630541872,1.0,2
0.4,6,0.792,0.8153277931671283,1.0,2
0.5,6,0.810192023633678,0.8338257016248154,0.1,2
0.6,6,0.8302583025830258,0.8417487684729064,0.1,2
0.7000000000000001,6,0.8450184501845018,0.8496042216358839,0.1,2
0.8,6,0.8616236162361623,0.8545706371191135,0.1,2
0.9,6,0.8487084870848709,0.8719737382027083,1.0,2
0.1,7,0.6874487284659557,0.8037037037037037,0.1,2
0.2,7,0.7258883248730964,0.7929759704251387,0.01,2
0.30000000000000004,7,0.79957805907173,0.8066502463054187,0.1,2
0.4,7,0.8018461538461539,0.8153277931671283,10.0,2
0.5,7,0.8161004431314623,0.8308714918759232,0.1,2
0.6,7,0.8145756457564576,0.8386699507389163,0.1,2
0.7000000000000001,7,0.8388683886838868,0.8422163588390501,0.1,2
0.8,7,0.8523985239852399,0.8499538319482918,10.0,2
0.9,7,0.8671586715867159,0.8600738613048831,0.1,2
0.1,8,0.706726825266612,0.7703703703703704,1.0,2
0.2,8,0.7609598523304107,0.7726432532347505,0.01,2
0.30000000000000004,8,0.7758438818565401,0.7943349753694581,1.0,2
0.4,8,0.788923076923077,0.8079409048938134,0.01,2
0.5,8,0.8131462333825702,0.8161004431314623,0.1,2
0.6,8,0.8330258302583026,0.8318965517241379,0.01,2
0.7000000000000001,8,0.8523985239852399,0.8353562005277045,0.1,2
0.8,8,0.8376383763837638,0.8513388734995383,1.0,2
0.9,8,0.8671586715867159,0.8666393106278211,0.1,2
0.1,9,0.6767842493847416,0.7037037037037037,0.1,2
0.2,9,0.7420396862021228,0.7837338262476895,0.01,2
0.30000000000000004,9,0.7821729957805907,0.8054187192118226,0.1,2
0.4,9,0.8061538461538461,0.801477377654663,0.1,2
0.5,9,0.8094534711964549,0.8249630723781388,0.1,2
0.6,9,0.816420664206642,0.8417487684729064,100.0,2
0.7000000000000001,9,0.8302583025830258,0.8564643799472296,10.0,2
0.8,9,0.8357933579335793,0.8619575253924284,1.0,2
0.9,9,0.8376383763837638,0.8682806729585556,100.0,2
