ratio,run,cluster_acc,cluster_acc_train,best_C
0.1,0,0.6977030352748155,1.0,10.0
0.2,0,0.7706506691278265,0.9963031423290203,100.0
0.30000000000000004,0,0.8074894514767933,0.9950738916256158,10.0
0.4,0,0.8098461538461539,0.9981532779316713,100.0
0.5,0,0.808714918759232,0.9977843426883308,100.0
0.6,0,0.827490774907749,0.9963054187192119,10.0
0.7000000000000001,0,0.8388683886838868,0.995778364116095,10.0
0.8,0,0.8450184501845018,0.9939981532779316,10.0
0.9,0,0.8597785977859779,0.9318834632745179,1.0
0.1,1,0.6853978671041837,0.7666666666666667,0.1
0.2,1,0.7521919704660821,1.0,10.0
0.30000000000000004,1,0.7732067510548524,0.8288177339901478,0.1
0.4,1,0.8055384615384615,0.8328716528162512,0.1
0.5,1,0.8389955686853766,0.9062038404726735,1.0
0.6,1,0.8404059040590406,0.8559113300492611,0.1
0.7000000000000001,1,0.8585485854858549,0.8622691292875989,0.1
0.8,1,0.8542435424354243,0.9270544783010157,1.0
0.9,1,0.8487084870848709,0.9310627821091506,1.0
0.1,2,0.7079573420836751,0.774074074074074,0.1
0.2,2,0.751269035532995,0.8096118299445472,0.1
0.30000000000000004,2,0.8059071729957806,0.9975369458128078,10.0
0.4,2,0.8147692307692308,0.8291782086795937,0.1
0.5,2,0.827917282127031,0.9985228951255539,100.0
0.6,2,0.8357933579335793,0.9950738916256158,10.0
0.7000000000000001,2,0.8487084870848709,0.9941952506596307,10.0
0.8,2,0.8542435424354243,0.9261311172668514,1.0
0.9,2,0.9040590405904059,0.9926138695116947,10.0
0.1,3,0.7280557834290402,1.0,10.0
0.2,3,0.7586525149976927,0.7763401109057301,0.01
0.30000000000000004,3,0.7969409282700421,0.9975369458128078,100.0
0.4,3,0.8098461538461539,0.9187442289935365,1.0
0.5,3,0.8345642540620384,0.9948301329394387,10.0
0.6,3,0.8394833948339483,0.999384236453202,100.0
0.7000000000000001,3,0.8499384993849939,0.9240105540897098,1.0
0.8,3,0.8634686346863468,0.9926131117266851,10.0
0.9,3,0.8819188191881919,0.9335248256052524,1.0
0.1,4,0.6829368334700574,0.762962962962963,0.1
0.2,4,0.7641901245962159,0.9205175600739371,1.0
0.30000000000000004,4,0.7758438818565401,0.7820197044334976,0.01
0.4,4,0.8073846153846154,0.9150507848568791,1.0
0.5,4,0.8264401772525849,0.9091580502215657,1.0
0.6,4,0.8321033210332104,0.9119458128078818,1.0
0.7000000000000001,4,0.8659286592865929,0.9931398416886543,10.0
0.8,4,0.8763837638376384,0.9224376731301939,1.0
0.9,4,0.8966789667896679,0.9294214197784161,1.0
0.1,5,0.6997538966365874,1.0,10.0
0.2,5,0.7632671896631288,0.9205175600739371,1.0
0.30000000000000004,5,0.8080168776371308,0.9950738916256158,10.0
0.4,5,0.8061538461538461,1.0,1000.0
0.5,5,0.8485967503692762,0.9933530280649926,10.0
0.6,5,0.8542435424354243,0.9950738916256158,10.0
0.7000000000000001,5,0.8646986469864698,0.9941952506596307,10.0
0.8,5,0.8690036900369004,0.9930747922437673,10.0
0.9,5,0.8487084870848709,0.993434550677062,10.0
0.1,6,0.6936013125512716,1.0,100.0
0.2,6,0.7743424088601754,0.9926062846580407,10.0
0.30000000000000004,6,0.804324894514768,0.9088669950738916,1.0
0.4,6,0.8184615384615385,0.9990766389658357,100.0
0.5,6,0.8389955686853766,0.9963072378138847,10.0
0.6,6,0.8542435424354243,0.9956896551724138,10.0
0.7000000000000001,6,0.8450184501845018,0.9941952506596307,10.0
0.8,6,0.8616236162361623,0.9261311172668514,1.0
0.9,6,0.8819188191881919,0.9290110791957324,1.0
0.1,7,0.7370795734208367,0.9555555555555556,1.0
0.2,7,0.7544993077988001,0.9981515711645101,10.0
0.30000000000000004,7,0.7906118143459916,0.8251231527093597,0.1
0.4,7,0.8036923076923077,0.8430286241920592,0.1
0.5,7,0.8161004431314623,0.8478581979320532,0.1
0.6,7,0.8311808118081181,0.9956896551724138,10.0
0.7000000000000001,7,0.8585485854858549,0.9947229551451188,10.0
0.8,7,0.8782287822878229,0.925207756232687,1.0
0.9,7,0.8892988929889298,0.930652441526467,1.0
0.1,8,0.7132895816242822,0.9333333333333333,1.0
0.2,8,0.7595754499307799,0.7929759704251387,0.1
0.30000000000000004,8,0.8111814345991561,1.0,10.0
0.4,8,0.8393846153846154,0.9990766389658357,10.0
0.5,8,0.8197932053175776,1.0,1000.0
0.6,8,0.8385608856088561,0.916256157635468,1.0
0.7000000000000001,8,0.8671586715867159,0.9963060686015831,10.0
0.8,8,0.8653136531365314,0.9953831948291783,10.0
0.9,8,0.8634686346863468,0.9277800574476815,1.0
0.1,9,0.6722723543888434,0.7592592592592593,0.1
0.2,9,0.7789570835256114,0.9131238447319778,1.0
0.30000000000000004,9,0.7985232067510548,0.9174876847290641,1.0
0.4,9,0.811076923076923,0.8411819021237303,0.1
0.5,9,0.8345642540620384,0.8648449039881831,0.1
0.6,9,0.8431734317343174,0.9956896551724138,10.0
0.7000000000000001,9,0.8425584255842559,0.9952506596306069,10.0
0.8,9,0.8616236162361623,0.9953831948291783,10.0
0.9,9,0.8634686346863468,0.937217890849405,1.0
