ratio,run,cluster_acc,cluster_acc_train,best_C
0.1,0,0.716160787530763,0.9555555555555556,1.0
0.2,0,0.7803414859252422,0.8022181146025879,0.1
0.30000000000000004,0,0.8175105485232067,0.9125615763546798,1.0
0.4,0,0.832,0.9242843951985226,1.0
0.5,0,0.8131462333825702,0.9933530280649926,10.0
0.6,0,0.8459409594095941,0.8663793103448276,0.1
0.7000000000000001,0,0.8511685116851169,0.9266490765171504,1.0
0.8,0,0.8616236162361623,0.9325946445060018,1.0
0.9,0,0.8671586715867159,0.9343455067706196,1.0
0.1,1,0.6927809680065627,0.9259259259259259,1.0
0.2,1,0.7789570835256114,0.9094269870609981,1.0
0.30000000000000004,1,0.805379746835443,0.9064039408866995,1.0
0.4,1,0.824,0.850415512465374,0.1
0.5,1,0.8522895125553914,0.9113737075332349,1.0
0.6,1,0.8616236162361623,0.9144088669950738,1.0
0.7000000000000001,1,0.8733087330873309,0.9155672823218998,1.0
0.8,1,0.8616236162361623,0.9261311172668514,1.0
0.9,1,0.8560885608856088,0.9355765285186705,1.0
0.1,2,0.7362592288761279,0.9333333333333333,1.0
0.2,2,0.7784956160590678,0.9297597042513863,1.0
0.30000000000000004,2,0.8138185654008439,0.8362068965517241,0.1
0.4,2,0.835076923076923,0.8513388734995383,0.1
0.5,2,0.8397341211225997,0.8663220088626292,0.1
0.6,2,0.8339483394833949,0.8780788177339901,0.1
0.7000000000000001,2,0.8499384993849939,0.9313984168865436,1.0
0.8,2,0.8579335793357934,0.9339796860572483,1.0
0.9,2,0.8929889298892989,0.9376282314320886,1.0
0.1,3,0.728876127973749,0.9333333333333333,1.0
0.2,3,0.7761882787263498,0.8151571164510166,0.1
0.30000000000000004,3,0.8095991561181435,0.8497536945812808,0.1
0.4,3,0.8289230769230769,0.9178208679593721,1.0
0.5,3,0.827917282127031,0.8641063515509602,0.1
0.6,3,0.8339483394833949,0.8669950738916257,0.1
0.7000000000000001,3,0.8487084870848709,0.8701846965699208,0.1
0.8,3,0.8708487084870848,0.9312096029547553,1.0
0.9,3,0.8745387453874539,0.9351661879359868,1.0
0.1,4,0.7210828547990156,0.937037037037037,1.0
0.2,4,0.7886479003230272,0.9186691312384473,1.0
0.30000000000000004,4,0.820675105485232,0.9064039408866995,1.0
0.4,4,0.8307692307692308,0.9187442289935365,1.0
0.5,4,0.8397341211225997,0.9165435745937962,1.0
0.6,4,0.8385608856088561,0.9211822660098522,1.0
0.7000000000000001,4,0.8610086100861009,0.9229551451187336,1.0
0.8,4,0.8579335793357934,0.876269621421976,0.1
0.9,4,0.8892988929889298,0.933935166187936,1.0
0.1,5,0.7210828547990156,0.9296296296296296,1.0
0.2,5,0.7858790955237656,0.9168207024029574,1.0
0.30000000000000004,5,0.8291139240506329,0.9211822660098522,1.0
0.4,5,0.8473846153846154,0.9159741458910434,1.0
0.5,5,0.8567208271787297,0.914327917282127,1.0
0.6,5,0.8726937269372693,0.9199507389162561,1.0
0.7000000000000001,5,0.8782287822878229,0.929287598944591,1.0
0.8,5,0.8726937269372693,0.930286241920591,1.0
0.9,5,0.8819188191881919,0.9359868691013541,1.0
0.1,6,0.7104183757178015,0.9,1.0
0.2,6,0.7808029533917858,0.9075785582255084,1.0
0.30000000000000004,6,0.8117088607594937,0.9100985221674877,1.0
0.4,6,0.8375384615384616,0.9104339796860572,1.0
0.5,6,0.843426883308715,0.9150664697193501,1.0
0.6,6,0.8413284132841329,0.8725369458128078,0.1
0.7000000000000001,6,0.8364083640836408,0.8770448548812665,0.1
0.8,6,0.8745387453874539,0.9289012003693444,1.0
0.9,6,0.8892988929889298,0.930652441526467,1.0
0.1,7,0.7317473338802297,0.8037037037037037,0.1
0.2,7,0.7789570835256114,0.9075785582255084,1.0
0.30000000000000004,7,0.8022151898734177,0.9064039408866995,1.0
0.4,7,0.812923076923077,0.9076638965835642,1.0
0.5,7,0.8161004431314623,0.8581979320531757,0.1
0.6,7,0.8357933579335793,0.9174876847290641,1.0
0.7000000000000001,7,0.8610086100861009,0.920844327176781,1.0
0.8,7,0.8726937269372693,0.9325946445060018,1.0
0.9,7,0.8782287822878229,0.8822322527697989,0.1
0.1,8,0.7202625102543068,1.0,100.0
0.2,8,0.7895708352561145,0.9260628465804066,1.0
0.30000000000000004,8,0.8138185654008439,0.833743842364532,0.1
0.4,8,0.8233846153846154,0.9141274238227147,1.0
0.5,8,0.8308714918759232,0.9239290989660266,1.0
0.6,8,0.8413284132841329,0.8596059113300493,0.1
0.7000000000000001,8,0.8782287822878229,0.9240105540897098,1.0
0.8,8,0.8763837638376384,0.9316712834718375,1.0
0.9,8,0.8745387453874539,0.8859253180139516,0.1
0.1,9,0.7223133716160788,0.9222222222222223,1.0
0.2,9,0.8001845869866174,0.9038817005545287,1.0
0.30000000000000004,9,0.8027426160337553,0.8386699507389163,0.1
0.4,9,0.8363076923076923,0.9233610341643582,1.0
0.5,9,0.8412112259970458,0.8707533234859675,0.1
0.6,9,0.8477859778597786,0.8786945812807881,0.1
0.7000000000000001,9,0.8474784747847478,0.8781002638522427,0.1
0.8,9,0.8690036900369004,0.9325946445060018,1.0
0.9,9,0.8745387453874539,0.9392695937628232,1.0
