ratio,run,cluster_acc,cluster_acc_train,best_C
0.1,0,0.6702214930270713,1.0,1000
0.2,0,0.7766497461928934,1.0,1000
0.30000000000000004,0,0.8106540084388185,1.0,1000
0.4,0,0.8221538461538461,1.0,100
0.5,0,0.8227474150664698,1.0,1000
0.6,0,0.8367158671586716,1.0,100
0.7000000000000001,0,0.8450184501845018,1.0,10
0.8,0,0.8376383763837638,1.0,10
0.9,0,0.8634686346863468,1.0,10
0.1,1,0.6599671862182116,1.0,1000
0.2,1,0.7508075680664513,1.0,1000
0.30000000000000004,1,0.7890295358649789,1.0,1000
0.4,1,0.819076923076923,1.0,100
0.5,1,0.8419497784342689,1.0,1000
0.6,1,0.8542435424354243,1.0,10
0.7000000000000001,1,0.8683886838868389,1.0,100
0.8,1,0.8745387453874539,1.0,10
0.9,1,0.8745387453874539,1.0,10
0.1,2,0.6661197703035275,1.0,1000
0.2,2,0.7761882787263498,1.0,1000
0.30000000000000004,2,0.8117088607594937,1.0,100
0.4,2,0.8344615384615385,1.0,10
0.5,2,0.8353028064992615,1.0,100
0.6,2,0.8339483394833949,1.0,1000
0.7000000000000001,2,0.8474784747847478,1.0,10
0.8,2,0.8450184501845018,1.0,10
0.9,2,0.8966789667896679,1.0,10
0.1,3,0.7186218211648893,1.0,1000
0.2,3,0.7868020304568528,1.0,1000
0.30000000000000004,3,0.804324894514768,1.0,1000
0.4,3,0.8221538461538461,1.0,100
0.5,3,0.8323485967503693,1.0,100
0.6,3,0.8413284132841329,1.0,10
0.7000000000000001,3,0.8499384993849939,1.0,10
0.8,3,0.8579335793357934,1.0,10
0.9,3,0.8634686346863468,1.0,100
0.1,4,0.6669401148482362,1.0,1000
0.2,4,0.7595754499307799,1.0,100
0.30000000000000004,4,0.8064345991561181,1.0,1000
0.4,4,0.8184615384615385,1.0,1000
0.5,4,0.8301329394387001,1.0,10
0.6,4,0.8385608856088561,1.0,100
0.7000000000000001,4,0.8622386223862238,1.0,10
0.8,4,0.8856088560885609,1.0,10
0.9,4,0.9003690036900369,1.0,10
0.1,5,0.655045118949959,1.0,1000
0.2,5,0.7775726811259807,1.0,1000
0.30000000000000004,5,0.8185654008438819,1.0,1000
0.4,5,0.8326153846153846,1.0,1000
0.5,5,0.8478581979320532,1.0,100
0.6,5,0.8607011070110702,1.0,1000
0.7000000000000001,5,0.8597785977859779,1.0,10
0.8,5,0.8671586715867159,1.0,10
0.9,5,0.8560885608856088,1.0,10
0.1,6,0.6562756357670222,1.0,1000
0.2,6,0.7711121365943701,1.0,1000
0.30000000000000004,6,0.804324894514768,1.0,100
0.4,6,0.824,1.0,100
0.5,6,0.8338257016248154,1.0,100
0.6,6,0.8404059040590406,1.0,10
0.7000000000000001,6,0.8388683886838868,1.0,10
0.8,6,0.8542435424354243,1.0,10
0.9,6,0.8782287822878229,1.0,10
0.1,7,0.7013945857260049,1.0,1000
0.2,7,0.7706506691278265,1.0,1000
0.30000000000000004,7,0.8006329113924051,1.0,100
0.4,7,0.8221538461538461,1.0,10
0.5,7,0.8301329394387001,1.0,1000
0.6,7,0.834870848708487,1.0,100
0.7000000000000001,7,0.8573185731857319,1.0,100
0.8,7,0.8653136531365314,1.0,10
0.9,7,0.8819188191881919,1.0,10
0.1,8,0.6886792452830188,1.0,1000
0.2,8,0.7812644208583295,1.0,100
0.30000000000000004,8,0.8222573839662447,1.0,100
0.4,8,0.835076923076923,1.0,10
0.5,8,0.845642540620384,1.0,10
0.6,8,0.8477859778597786,1.0,1000
0.7000000000000001,8,0.8634686346863468,1.0,1000
0.8,8,0.8671586715867159,1.0,10
0.9,8,0.8671586715867159,1.0,1000
0.1,9,0.6931911402789172,1.0,10
0.2,9,0.7738809413936317,1.0,1000
0.30000000000000004,9,0.8095991561181435,1.0,1000
0.4,9,0.8258461538461539,1.0,10
0.5,9,0.8345642540620384,1.0,1000
0.6,9,0.8477859778597786,1.0,100
0.7000000000000001,9,0.8487084870848709,1.0,10
0.8,9,0.8708487084870848,1.0,10
0.9,9,0.8745387453874539,1.0,10
