ratio,run,cluster_acc,cluster_acc_train,best_C,depth
0.1,0,0.5672682526661198,1.0,100.0,0
0.2,0,0.6529764651592063,1.0,100.0,0
0.30000000000000004,0,0.7020042194092827,0.9950738916256158,10.0,0
0.4,0,0.72,0.9990766389658357,100.0,0
0.5,0,0.7429837518463811,0.9926144756277696,10.0,0
0.6,0,0.742619926199262,0.9932266009852216,10.0,0
0.7000000000000001,0,0.7699876998769988,0.9936675461741424,10.0,0
0.8,0,0.7712177121771218,0.9926131117266851,10.0,0
0.9,0,0.7822878228782287,0.993434550677062,10.0,0
0.1,1,0.5730106644790812,1.0,100.0,0
0.2,1,0.6534379326257499,1.0,100.0,0
0.30000000000000004,1,0.6766877637130801,0.9975369458128078,100.0,0
0.4,1,0.6996923076923077,0.9963065558633426,10.0,0
0.5,1,0.7193500738552437,0.9970457902511078,100.0,0
0.6,1,0.724169741697417,0.9950738916256158,10.0,0
0.7000000000000001,1,0.7539975399753998,0.9941952506596307,10.0,0
0.8,1,0.7730627306273062,0.9921514312096029,10.0,0
0.9,1,0.7453874538745388,0.9913828477636438,10.0,0
0.1,2,0.5598851517637408,1.0,10.0,0
0.2,2,0.6326718966312875,0.9981515711645101,10.0,0
0.30000000000000004,2,0.6798523206751055,0.9987684729064039,1000.0,0
0.4,2,0.7230769230769231,0.9981532779316713,100.0,0
0.5,2,0.7407680945347119,0.9977843426883308,100.0,0
0.6,2,0.7527675276752768,0.9969211822660099,10.0,0
0.7000000000000001,2,0.7552275522755227,0.9952506596306069,10.0,0
0.8,2,0.7324723247232472,0.9939981532779316,10.0,0
0.9,2,0.7453874538745388,0.9930242100943784,10.0,0
0.1,3,0.6082854799015587,0.9962962962962963,1000.0,0
0.2,3,0.6631287494231657,0.9981515711645101,100.0,0
0.30000000000000004,3,0.7009493670886076,0.9975369458128078,1000.0,0
0.4,3,0.7249230769230769,0.9963065558633426,1000.0,0
0.5,3,0.7326440177252584,0.9933530280649926,10.0,0
0.6,3,0.7546125461254612,0.9926108374384236,10.0,0
0.7000000000000001,3,0.7712177121771218,0.9926121372031662,10.0,0
0.8,3,0.7730627306273062,0.9935364727608494,10.0,0
0.9,3,0.7896678966789668,0.9913828477636438,10.0,0
0.1,4,0.5414273995077933,0.9962962962962963,100.0,0
0.2,4,0.6552838024919243,0.9944547134935305,10.0,0
0.30000000000000004,4,0.7072784810126582,0.9963054187192119,10.0,0
0.4,4,0.7372307692307692,0.9953831948291783,10.0,0
0.5,4,0.7474150664697193,0.9940915805022157,10.0,0
0.6,4,0.757380073800738,0.9926108374384236,10.0,0
0.7000000000000001,4,0.7884378843788438,0.9931398416886543,10.0,0
0.8,4,0.8062730627306273,0.9912280701754386,10.0,0
0.9,4,0.7933579335793358,0.9922035289290111,10.0,0
0.1,5,0.6004922067268252,1.0,1000.0,0
0.2,5,0.6714351638209506,0.9981515711645101,100.0,0
0.30000000000000004,5,0.7083333333333334,0.9975369458128078,1000.0,0
0.4,5,0.7156923076923077,0.9953831948291783,10.0,0
0.5,5,0.7363367799113737,0.9970457902511078,1000.0,0
0.6,5,0.7583025830258303,0.9963054187192119,100.0,0
0.7000000000000001,5,0.7626076260762608,0.9941952506596307,10.0,0
0.8,5,0.7638376383763837,0.9930747922437673,10.0,0
0.9,5,0.7896678966789668,0.9913828477636438,10.0,0
0.1,6,0.5594749794913864,1.0,1000.0,0
0.2,6,0.6654360867558837,1.0,100.0,0
0.30000000000000004,6,0.6940928270042194,0.9987684729064039,100.0,0
0.4,6,0.728,0.9926131117266851,10.0,0
0.5,6,0.7533234859675036,0.9940915805022157,10.0,0
0.6,6,0.7509225092250923,0.9950738916256158,10.0,0
0.7000000000000001,6,0.7736777367773677,0.9931398416886543,10.0,0
0.8,6,0.7933579335793358,0.9926131117266851,10.0,0
0.9,6,0.7859778597785978,0.9917931883463275,10.0,0
0.1,7,0.5594749794913864,0.9962962962962963,1000.0,0
0.2,7,0.6506691278264882,0.9981515711645101,1000.0,0
0.30000000000000004,7,0.6998945147679325,0.9963054187192119,100.0,0
0.4,7,0.7261538461538461,0.997229916897507,100.0,0
0.5,7,0.7459379615952733,0.9970457902511078,100.0,0
0.6,7,0.7583025830258303,0.9938423645320197,10.0,0
0.7000000000000001,7,0.7847478474784748,0.9931398416886543,10.0,0
0.8,7,0.7988929889298892,0.9907663896583564,10.0,0
0.9,7,0.8007380073800738,0.9913828477636438,10.0,0
0.1,8,0.5963904840032814,1.0,100.0,0
0.2,8,0.6769727734194739,1.0,10.0,0
0.30000000000000004,8,0.7020042194092827,0.9987684729064039,1000.0,0
0.4,8,0.7323076923076923,0.9981532779316713,1000.0,0
0.5,8,0.7644017725258493,0.9948301329394387,10.0,0
0.6,8,0.7693726937269373,0.9950738916256158,10.0,0
0.7000000000000001,8,0.7724477244772447,0.9936675461741424,10.0,0
0.8,8,0.7785977859778598,0.9935364727608494,10.0,0
0.9,8,0.7859778597785978,0.9922035289290111,10.0,0
0.1,9,0.544298605414274,1.0,100.0,0
0.2,9,0.6322104291647439,1.0,100.0,0
0.30000000000000004,9,0.6772151898734177,1.0,100.0,0
0.4,9,0.7243076923076923,0.9990766389658357,100.0,0
0.5,9,0.741506646971935,0.9977843426883308,10.0,0
0.6,9,0.7527675276752768,0.9975369458128078,100.0,0
0.7000000000000001,9,0.7638376383763837,0.9963060686015831,10.0,0
0.8,9,0.7785977859778598,0.9944598337950139,10.0,0
0.9,9,0.8007380073800738,0.9926138695116947,10.0,0
0.1,0,0.6743232157506153,1.0,100.0,1
0.2,0,0.7332718043377942,1.0,1000.0,1
0.30000000000000004,0,0.7579113924050633,0.9766009852216748,1.0,1
0.4,0,0.7741538461538462,1.0,10.0,1
0.5,0,0.7703101920236337,1.0,100.0,1
0.6,0,0.7619926199261993,1.0,100.0,1
0.7000000000000001,0,0.7736777367773677,1.0,100.0,1
0.8,0,0.7859778597785978,1.0,100.0,1
0.9,0,0.8081180811808119,1.0,100.0,1
0.1,1,0.6566858080393765,0.9851851851851852,1.0,1
0.2,1,0.7120443008767882,1.0,1000.0,1
0.30000000000000004,1,0.7426160337552743,1.0,100.0,1
0.4,1,0.7569230769230769,1.0,1000.0,1
0.5,1,0.7680945347119645,1.0,10.0,1
0.6,1,0.7767527675276753,1.0,10.0,1
0.7000000000000001,1,0.7933579335793358,1.0,100.0,1
0.8,1,0.8044280442804428,1.0,100.0,1
0.9,1,0.7859778597785978,1.0,100.0,1
0.1,2,0.6562756357670222,1.0,10.0,1
0.2,2,0.6922011998154131,0.977818853974122,1.0,1
0.30000000000000004,2,0.7336497890295358,1.0,10.0,1
0.4,2,0.7692307692307693,1.0,100.0,1
0.5,2,0.7754800590841949,1.0,10.0,1
0.6,2,0.7933579335793358,1.0,10.0,1
0.7000000000000001,2,0.7945879458794588,1.0,1000.0,1
0.8,2,0.7822878228782287,1.0,100.0,1
0.9,2,0.7896678966789668,1.0,10.0,1
0.1,3,0.6964725184577523,1.0,100.0,1
0.2,3,0.7351176742039687,1.0,10.0,1
0.30000000000000004,3,0.7573839662447257,1.0,10.0,1
0.4,3,0.7716923076923077,1.0,100.0,1
0.5,3,0.7688330871491876,1.0,100.0,1
0.6,3,0.7776752767527675,1.0,10.0,1
0.7000000000000001,3,0.7896678966789668,1.0,100.0,1
0.8,3,0.7952029520295203,1.0,10.0,1
0.9,3,0.8154981549815498,1.0,10.0,1
0.1,4,0.6230516817063166,1.0,10.0,1
0.2,4,0.7171204430087679,1.0,10.0,1
0.30000000000000004,4,0.7563291139240507,1.0,10.0,1
0.4,4,0.7796923076923077,1.0,10.0,1
0.5,4,0.792466765140325,1.0,100.0,1
0.6,4,0.801660516605166,1.0,10.0,1
0.7000000000000001,4,0.8228782287822878,1.0,10.0,1
0.8,4,0.8431734317343174,1.0,100.0,1
0.9,4,0.8376383763837638,1.0,10.0,1
0.1,5,0.6792452830188679,1.0,10.0,1
0.2,5,0.7203507152745732,1.0,100.0,1
0.30000000000000004,5,0.75,1.0,10.0,1
0.4,5,0.7618461538461538,1.0,1000.0,1
0.5,5,0.7732644017725259,1.0,10.0,1
0.6,5,0.790590405904059,1.0,10.0,1
0.7000000000000001,5,0.7933579335793358,1.0,10.0,1
0.8,5,0.7896678966789668,1.0,10.0,1
0.9,5,0.8228782287822878,1.0,100.0,1
0.1,6,0.6333059885151764,1.0,10.0,1
0.2,6,0.7138901707429626,1.0,10.0,1
0.30000000000000004,6,0.7484177215189873,1.0,100.0,1
0.4,6,0.7563076923076923,0.9686057248384118,1.0,1
0.5,6,0.7828655834564254,1.0,1000.0,1
0.6,6,0.7887453874538746,1.0,100.0,1
0.7000000000000001,6,0.7970479704797048,1.0,10.0,1
0.8,6,0.8081180811808119,1.0,1000.0,1
0.9,6,0.8118081180811808,1.0,10.0,1
0.1,7,0.6484823625922888,1.0,100.0,1
0.2,7,0.7189663128749423,1.0,100.0,1
0.30000000000000004,7,0.7616033755274262,1.0,10.0,1
0.4,7,0.7846153846153846,1.0,10.0,1
0.5,7,0.7865583456425406,1.0,10.0,1
0.6,7,0.7850553505535055,1.0,100.0,1
0.7000000000000001,7,0.8105781057810578,1.0,10.0,1
0.8,7,0.8025830258302583,1.0,1000.0,1
0.9,7,0.8191881918819188,1.0,1000.0,1
0.1,8,0.6632485643970467,0.9851851851851852,1.0,1
0.2,8,0.7309644670050761,1.0,10.0,1
0.30000000000000004,8,0.745253164556962,1.0,100.0,1
0.4,8,0.7692307692307693,1.0,10.0,1
0.5,8,0.7799113737075333,1.0,100.0,1
0.6,8,0.790590405904059,1.0,100.0,1
0.7000000000000001,8,0.7995079950799509,1.0,10.0,1
0.8,8,0.8025830258302583,1.0,10.0,1
0.9,8,0.8228782287822878,1.0,100.0,1
0.1,9,0.6665299425758818,1.0,10.0,1
0.2,9,0.7194277803414859,1.0,1000.0,1
0.30000000000000004,9,0.7526371308016878,1.0,10.0,1
0.4,9,0.784,1.0,100.0,1
0.5,9,0.7880354505169868,1.0,10.0,1
0.6,9,0.7887453874538746,0.9704433497536946,1.0,1
0.7000000000000001,9,0.8007380073800738,1.0,10.0,1
0.8,9,0.8044280442804428,1.0,10.0,1
0.9,9,0.8228782287822878,1.0,10.0,1
0.1,0,0.6952420016406891,0.9555555555555556,0.1,2
0.2,0,0.7360406091370558,0.9907578558225508,1.0,2
0.30000000000000004,0,0.7584388185654009,0.979064039408867,1.0,2
0.4,0,0.7636923076923077,0.9750692520775623,1.0,2
0.5,0,0.758493353028065,0.9771048744460856,1.0,2
0.6,0,0.772140221402214,1.0,10.0,2
0.7000000000000001,0,0.7884378843788438,1.0,10.0,2
0.8,0,0.7730627306273062,0.9722991689750693,1.0,2
0.9,0,0.7712177121771218,0.9733278621255642,1.0,2
0.1,1,0.6849876948318294,0.9888888888888889,1.0,2
0.2,1,0.724042455006922,0.988909426987061,1.0,2
0.30000000000000004,1,0.7542194092827004,1.0,10.0,2
0.4,1,0.7710769230769231,0.9732225300092336,1.0,2
0.5,1,0.7784342688330872,1.0,10.0,2
0.6,1,0.7795202952029521,0.9729064039408867,1.0,2
0.7000000000000001,1,0.7810578105781057,0.9725593667546174,1.0,2
0.8,1,0.7952029520295203,0.9732225300092336,1.0,2
0.9,1,0.7749077490774908,1.0,10.0,2
0.1,2,0.6780147662018048,0.825925925925926,0.01,2
0.2,2,0.7065066912782649,0.9279112754158965,0.1,2
0.30000000000000004,2,0.755801687763713,0.9802955665024631,1.0,2
0.4,2,0.7809230769230769,1.0,10.0,2
0.5,2,0.7865583456425406,0.9771048744460856,1.0,2
0.6,2,0.790590405904059,0.979679802955665,1.0,2
0.7000000000000001,2,0.7921279212792128,1.0,100.0,2
0.8,2,0.7859778597785978,1.0,10.0,2
0.9,2,0.7822878228782287,1.0,10.0,2
0.1,3,0.7005742411812962,0.9703703703703703,1.0,2
0.2,3,0.7388094139363175,1.0,100.0,2
0.30000000000000004,3,0.7616033755274262,1.0,10.0,2
0.4,3,0.7698461538461538,1.0,100.0,2
0.5,3,0.7725258493353028,1.0,100.0,2
0.6,3,0.7749077490774908,1.0,10.0,2
0.7000000000000001,3,0.7798277982779828,1.0,10.0,2
0.8,3,0.7804428044280443,1.0,10.0,2
0.9,3,0.7822878228782287,1.0,100.0,2
0.1,4,0.655045118949959,0.9444444444444444,0.1,2
0.2,4,0.724042455006922,0.9852125693160814,1.0,2
0.30000000000000004,4,0.7568565400843882,0.9827586206896551,1.0,2
0.4,4,0.7895384615384615,1.0,10.0,2
0.5,4,0.8042836041358936,1.0,10.0,2
0.6,4,0.8007380073800738,1.0,10.0,2
0.7000000000000001,4,0.7995079950799509,1.0,10.0,2
0.8,4,0.8265682656826568,1.0,10.0,2
0.9,4,0.8265682656826568,1.0,10.0,2
0.1,5,0.6997538966365874,0.9888888888888889,1.0,2
0.2,5,0.7351176742039687,0.9796672828096118,1.0,2
0.30000000000000004,5,0.7631856540084389,1.0,10.0,2
0.4,5,0.7784615384615384,1.0,10.0,2
0.5,5,0.7813884785819794,1.0,100.0,2
0.6,5,0.7878228782287823,0.9716748768472906,1.0,2
0.7000000000000001,5,0.8056580565805658,1.0,10.0,2
0.8,5,0.7952029520295203,1.0,10.0,2
0.9,5,0.8228782287822878,0.9737382027082478,1.0,2
0.1,6,0.6669401148482362,0.9518518518518518,0.1,2
0.2,6,0.7101984310106138,1.0,100.0,2
0.30000000000000004,6,0.7341772151898734,1.0,10.0,2
0.4,6,0.7661538461538462,1.0,10.0,2
0.5,6,0.7791728212703102,1.0,10.0,2
0.6,6,0.7841328413284133,0.9778325123152709,1.0,2
0.7000000000000001,6,0.7982779827798278,0.9783641160949869,1.0,2
0.8,6,0.8136531365313653,1.0,1000.0,2
0.9,6,0.8044280442804428,1.0,100.0,2
0.1,7,0.6579163248564397,0.8222222222222222,0.01,2
0.2,7,0.7212736502076603,0.9168207024029574,0.1,2
0.30000000000000004,7,0.7684599156118144,1.0,10.0,2
0.4,7,0.7932307692307692,1.0,10.0,2
0.5,7,0.792466765140325,1.0,10.0,2
0.6,7,0.790590405904059,1.0,10.0,2
0.7000000000000001,7,0.8068880688806888,1.0,100.0,2
0.8,7,0.8007380073800738,0.974145891043398,1.0,2
0.9,7,0.8081180811808119,1.0,10.0,2
0.1,8,0.6739130434782609,0.8296296296296296,0.01,2
0.2,8,0.7498846331333641,1.0,10.0,2
0.30000000000000004,8,0.7531645569620253,1.0,10.0,2
0.4,8,0.7729230769230769,0.9824561403508771,1.0,2
0.5,8,0.7791728212703102,1.0,10.0,2
0.6,8,0.7841328413284133,1.0,10.0,2
0.7000000000000001,8,0.7847478474784748,1.0,10.0,2
0.8,8,0.7970479704797048,1.0,10.0,2
0.9,8,0.8118081180811808,1.0,10.0,2
0.1,9,0.6960623461853979,1.0,100.0,2
0.2,9,0.7365020766035995,0.9926062846580407,1.0,2
0.30000000000000004,9,0.7621308016877637,0.9802955665024631,1.0,2
0.4,9,0.7846153846153846,1.0,10.0,2
0.5,9,0.7784342688330872,1.0,10.0,2
0.6,9,0.7896678966789668,1.0,10.0,2
0.7000000000000001,9,0.7933579335793358,1.0,10.0,2
0.8,9,0.7878228782287823,1.0,10.0,2
0.9,9,0.8081180811808119,1.0,10.0,2
