ratio,run,cluster_acc,cluster_acc_train,best_C,depth
0.1,0,0.3937653814602133,0.5370370370370371,10.0,0
0.2,0,0.4886940470696816,0.6894639556377079,10.0,0
0.30000000000000004,0,0.5437763713080169,0.7586206896551724,10.0,0
0.4,0,0.6024615384615385,0.817174515235457,1000.0,0
0.5,0,0.6484490398818316,0.8596750369276218,100.0,0
0.6,0,0.6946494464944649,0.8996305418719212,10.0,0
0.7000000000000001,0,0.7220172201722017,0.9282321899736148,10.0,0
0.8,0,0.7564575645756457,0.958910433979686,100.0,0
0.9,0,0.7712177121771218,0.972507180960197,10.0,0
0.1,1,0.36505332239540605,0.5148148148148148,1000.0,0
0.2,1,0.45685279187817257,0.6395563770794824,1000.0,0
0.30000000000000004,1,0.5121308016877637,0.6982758620689655,100.0,0
0.4,1,0.568,0.7682363804247461,1000.0,0
0.5,1,0.6491875923190547,0.8471196454948301,100.0,0
0.6,1,0.6808118081180812,0.9119458128078818,1000.0,0
0.7000000000000001,1,0.7060270602706027,0.9324538258575198,100.0,0
0.8,1,0.7343173431734318,0.9575253924284395,10.0,0
0.9,1,0.7416974169741697,0.975789905621666,10.0,0
0.1,2,0.324856439704676,0.48148148148148145,10.0,0
0.2,2,0.4411628980156899,0.6229205175600739,10.0,0
0.30000000000000004,2,0.515295358649789,0.7105911330049262,1000.0,0
0.4,2,0.576,0.7857802400738689,1000.0,0
0.5,2,0.6440177252584933,0.8559822747415067,100.0,0
0.6,2,0.683579335793358,0.8934729064039408,1000.0,0
0.7000000000000001,2,0.7084870848708487,0.9224274406332453,10.0,0
0.8,2,0.7121771217712177,0.9538319482917821,1000.0,0
0.9,2,0.7564575645756457,0.9770209273697169,10.0,0
0.1,3,0.3933552091878589,0.4925925925925926,10.0,0
0.2,3,0.4734656206737425,0.6321626617375231,1000.0,0
0.30000000000000004,3,0.5390295358649789,0.75,1000.0,0
0.4,3,0.6270769230769231,0.8227146814404432,1000.0,0
0.5,3,0.6683899556868538,0.8545051698670606,1000.0,0
0.6,3,0.709409594095941,0.895320197044335,10.0,0
0.7000000000000001,3,0.7293972939729397,0.9261213720316622,10.0,0
0.8,3,0.7361623616236163,0.9524469067405356,10.0,0
0.9,3,0.7859778597785978,0.9741485432909315,100.0,0
0.1,4,0.34864643150123054,0.4962962962962963,10.0,0
0.2,4,0.42870327641901246,0.5841035120147874,10.0,0
0.30000000000000004,4,0.5116033755274262,0.7167487684729064,100.0,0
0.4,4,0.5772307692307692,0.7839335180055401,10.0,0
0.5,4,0.6602658788774003,0.8611521418020679,1000.0,0
0.6,4,0.698339483394834,0.8928571428571429,1000.0,0
0.7000000000000001,4,0.7503075030750308,0.9261213720316622,100.0,0
0.8,4,0.7952029520295203,0.9496768236380425,10.0,0
0.9,4,0.7970479704797048,0.9737382027082478,10.0,0
0.1,5,0.3580803937653815,0.4888888888888889,10.0,0
0.2,5,0.45408398707891096,0.6266173752310537,1000.0,0
0.30000000000000004,5,0.5253164556962026,0.7463054187192119,100.0,0
0.4,5,0.6233846153846154,0.8245614035087719,100.0,0
0.5,5,0.6742983751846381,0.880354505169867,1000.0,0
0.6,5,0.6928044280442804,0.9070197044334976,100.0,0
0.7000000000000001,5,0.7207872078720787,0.9303430079155672,1000.0,0
0.8,5,0.7361623616236163,0.9566020313942751,1000.0,0
0.9,5,0.7675276752767528,0.9704554780467788,10.0,0
0.1,6,0.34003281378178835,0.5037037037037037,10.0,0
0.2,6,0.4203968620212275,0.6044362292051756,10.0,0
0.30000000000000004,6,0.5068565400843882,0.7389162561576355,100.0,0
0.4,6,0.571076923076923,0.7673130193905817,10.0,0
0.5,6,0.6344165435745938,0.8345642540620384,10.0,0
0.6,6,0.6678966789667896,0.8971674876847291,10.0,0
0.7000000000000001,6,0.7072570725707257,0.920844327176781,10.0,0
0.8,6,0.7398523985239852,0.9496768236380425,10.0,0
0.9,6,0.7675276752767528,0.975789905621666,10.0,0
0.1,7,0.39089417555373257,0.5296296296296297,10.0,0
0.2,7,0.47069681587448087,0.6524953789279113,10.0,0
0.30000000000000004,7,0.5611814345991561,0.7524630541871922,100.0,0
0.4,7,0.6252307692307693,0.8328716528162512,1000.0,0
0.5,7,0.6757754800590842,0.8766617429837519,100.0,0
0.6,7,0.7047970479704797,0.9107142857142857,100.0,0
0.7000000000000001,7,0.7478474784747847,0.937730870712401,1000.0,0
0.8,7,0.7749077490774908,0.961218836565097,1000.0,0
0.9,7,0.7896678966789668,0.9762002462043496,100.0,0
0.1,8,0.3753076292042658,0.5222222222222223,100.0,0
0.2,8,0.4619289340101523,0.6321626617375231,100.0,0
0.30000000000000004,8,0.5226793248945147,0.7192118226600985,10.0,0
0.4,8,0.5889230769230769,0.8024007386888273,1000.0,0
0.5,8,0.6403249630723782,0.8663220088626292,1000.0,0
0.6,8,0.6928044280442804,0.9082512315270936,1000.0,0
0.7000000000000001,8,0.7207872078720787,0.9398416886543536,1000.0,0
0.8,8,0.7361623616236163,0.9649122807017544,1000.0,0
0.9,8,0.7712177121771218,0.9774312679524005,10.0,0
0.1,9,0.3584905660377358,0.5518518518518518,10.0,0
0.2,9,0.4633133364097831,0.6654343807763401,10.0,0
0.30000000000000004,9,0.5189873417721519,0.7561576354679803,1000.0,0
0.4,9,0.5889230769230769,0.8134810710987996,1000.0,0
0.5,9,0.638109305760709,0.8589364844903988,1000.0,0
0.6,9,0.6872693726937269,0.9094827586206896,1000.0,0
0.7000000000000001,9,0.7207872078720787,0.9350923482849605,1000.0,0
0.8,9,0.7546125461254612,0.958910433979686,1000.0,0
0.9,9,0.8265682656826568,0.9770209273697169,10.0,0
0.1,0,0.5381460213289582,0.8111111111111111,10.0,1
0.2,0,0.6709736963544071,0.922365988909427,1000.0,1
0.30000000000000004,0,0.7104430379746836,0.9482758620689655,1000.0,1
0.4,0,0.7372307692307692,0.9649122807017544,1000.0,1
0.5,0,0.7496307237813885,0.9793205317577548,10.0,1
0.6,0,0.7629151291512916,0.9876847290640394,1000.0,1
0.7000000000000001,0,0.7847478474784748,0.9926121372031662,10.0,1
0.8,0,0.8007380073800738,0.9981532779316713,10.0,1
0.9,0,0.8191881918819188,0.9991793188346327,10.0,1
0.1,1,0.5447087776866284,0.8296296296296296,10.0,1
0.2,1,0.6409783110290724,0.922365988909427,100.0,1
0.30000000000000004,1,0.689873417721519,0.9445812807881774,100.0,1
0.4,1,0.7206153846153847,0.9667590027700831,100.0,1
0.5,1,0.7533234859675036,0.9793205317577548,1000.0,1
0.6,1,0.7629151291512916,0.9864532019704434,1000.0,1
0.7000000000000001,1,0.7736777367773677,0.9894459102902374,100.0,1
0.8,1,0.7952029520295203,0.9939981532779316,1000.0,1
0.9,1,0.7564575645756457,0.9975379565038982,1000.0,1
0.1,2,0.5262510254306809,0.8518518518518519,100.0,1
0.2,2,0.6188278726349792,0.9279112754158965,10.0,1
0.30000000000000004,2,0.669831223628692,0.9507389162561576,10.0,1
0.4,2,0.7058461538461539,0.9630655586334257,10.0,1
0.5,2,0.741506646971935,0.9778434268833087,1000.0,1
0.6,2,0.7795202952029521,0.9833743842364532,100.0,1
0.7000000000000001,2,0.7749077490774908,0.9883905013192612,1000.0,1
0.8,2,0.7675276752767528,0.9935364727608494,1000.0,1
0.9,2,0.7859778597785978,0.9971276159212146,1000.0,1
0.1,3,0.57383100902379,0.8,1000.0,1
0.2,3,0.6432856483617905,0.8946395563770795,10.0,1
0.30000000000000004,3,0.7072784810126582,0.9519704433497537,1000.0,1
0.4,3,0.7409230769230769,0.9722991689750693,100.0,1
0.5,3,0.7555391432791728,0.982274741506647,1000.0,1
0.6,3,0.7675276752767528,0.9876847290640394,1000.0,1
0.7000000000000001,3,0.7724477244772447,0.9910290237467019,1000.0,1
0.8,3,0.7896678966789668,0.9944598337950139,100.0,1
0.9,3,0.8007380073800738,0.9991793188346327,10.0,1
0.1,4,0.5447087776866284,0.8296296296296296,100.0,1
0.2,4,0.630826026765113,0.9075785582255084,100.0,1
0.30000000000000004,4,0.6845991561181435,0.9470443349753694,10.0,1
0.4,4,0.712,0.9621421975992613,1000.0,1
0.5,4,0.7555391432791728,0.9763663220088626,10.0,1
0.6,4,0.7767527675276753,0.9833743842364532,10.0,1
0.7000000000000001,4,0.7970479704797048,0.9894459102902374,100.0,1
0.8,4,0.8265682656826568,0.9944598337950139,100.0,1
0.9,4,0.8339483394833949,0.9967172753385309,100.0,1
0.1,5,0.5311730926989335,0.7925925925925926,100.0,1
0.2,5,0.6220581449007845,0.7948243992606284,1.0,1
0.30000000000000004,5,0.6782700421940928,0.9458128078817734,100.0,1
0.4,5,0.7372307692307692,0.9704524469067405,1000.0,1
0.5,5,0.7407680945347119,0.981536189069424,10.0,1
0.6,5,0.775830258302583,0.9870689655172413,1000.0,1
0.7000000000000001,5,0.7859778597785978,0.9905013192612138,100.0,1
0.8,5,0.7841328413284133,0.9939981532779316,10.0,1
0.9,5,0.8191881918819188,0.9975379565038982,10.0,1
0.1,6,0.5414273995077933,0.8333333333333334,100.0,1
0.2,6,0.6405168435625288,0.9094269870609981,10.0,1
0.30000000000000004,6,0.6882911392405063,0.9495073891625616,1000.0,1
0.4,6,0.7433846153846154,0.9630655586334257,1000.0,1
0.5,6,0.7533234859675036,0.9741506646971935,1000.0,1
0.6,6,0.7730627306273062,0.9870689655172413,1000.0,1
0.7000000000000001,6,0.7847478474784748,0.9931398416886543,1000.0,1
0.8,6,0.8007380073800738,0.9953831948291783,1000.0,1
0.9,6,0.7822878228782287,0.9979482970865818,1000.0,1
0.1,7,0.5529122231337161,0.8518518518518519,100.0,1
0.2,7,0.63682510383018,0.8391866913123844,1.0,1
0.30000000000000004,7,0.7114978902953587,0.9470443349753694,10.0,1
0.4,7,0.7347692307692307,0.9732225300092336,1000.0,1
0.5,7,0.7703101920236337,0.983751846381093,1000.0,1
0.6,7,0.7822878228782287,0.9883004926108374,10.0,1
0.7000000000000001,7,0.8068880688806888,0.99155672823219,10.0,1
0.8,7,0.8044280442804428,0.9967682363804248,10.0,1
0.9,7,0.8228782287822878,0.9975379565038982,10.0,1
0.1,8,0.5545529122231337,0.837037037037037,100.0,1
0.2,8,0.6474388555606829,0.8964879852125693,10.0,1
0.30000000000000004,8,0.6856540084388185,0.9408866995073891,10.0,1
0.4,8,0.707076923076923,0.9602954755309326,100.0,1
0.5,8,0.7503692762186115,0.9741506646971935,1000.0,1
0.6,8,0.7675276752767528,0.9858374384236454,1000.0,1
0.7000000000000001,8,0.7785977859778598,0.9910290237467019,1000.0,1
0.8,8,0.7915129151291513,0.9958448753462604,1000.0,1
0.9,8,0.8228782287822878,0.9983586376692655,10.0,1
0.1,9,0.47867104183757175,0.8074074074074075,10.0,1
0.2,9,0.630826026765113,0.9131238447319778,10.0,1
0.30000000000000004,9,0.6814345991561181,0.9408866995073891,10.0,1
0.4,9,0.7255384615384616,0.961218836565097,10.0,1
0.5,9,0.757754800590842,0.9741506646971935,10.0,1
0.6,9,0.7822878228782287,0.9821428571428571,10.0,1
0.7000000000000001,9,0.7958179581795818,0.9883905013192612,10.0,1
0.8,9,0.8062730627306273,0.9949215143120961,10.0,1
0.9,9,0.8302583025830258,0.9983586376692655,10.0,1
0.1,0,0.6349466776045939,0.8814814814814815,1.0,2
0.2,0,0.7018920166128289,0.9279112754158965,1.0,2
0.30000000000000004,0,0.7172995780590717,0.9766009852216748,100.0,2
0.4,0,0.7507692307692307,0.9787626962142197,10.0,2
0.5,0,0.7548005908419497,0.9571639586410635,1.0,2
0.6,0,0.7693726937269373,0.9895320197044335,10.0,2
0.7000000000000001,0,0.7822878228782287,0.9651715039577836,1.0,2
0.8,0,0.7878228782287823,0.9681440443213296,1.0,2
0.9,0,0.7859778597785978,0.9991793188346327,10.0,2
0.1,1,0.6349466776045939,0.8740740740740741,1.0,2
0.2,1,0.6935856022150438,0.9075785582255084,1.0,2
0.30000000000000004,1,0.7352320675105485,0.979064039408867,10.0,2
0.4,1,0.7556923076923077,0.9464450600184672,1.0,2
0.5,1,0.7725258493353028,0.9867060561299852,10.0,2
0.6,1,0.7887453874538746,0.9901477832512315,100.0,2
0.7000000000000001,1,0.7859778597785978,0.9630606860158312,1.0,2
0.8,1,0.8044280442804428,0.9944598337950139,1000.0,2
0.9,1,0.7453874538745388,0.9729175215428806,1.0,2
0.1,2,0.6517637407711239,0.9407407407407408,10.0,2
0.2,2,0.6866635902168897,0.9759704251386322,10.0,2
0.30000000000000004,2,0.7320675105485233,0.979064039408867,10.0,2
0.4,2,0.7390769230769231,0.9602954755309326,1.0,2
0.5,2,0.7651403249630724,0.9579025110782866,1.0,2
0.6,2,0.7859778597785978,0.9883004926108374,100.0,2
0.7000000000000001,2,0.7908979089790897,0.9905013192612138,100.0,2
0.8,2,0.7749077490774908,0.9953831948291783,10.0,2
0.9,2,0.7896678966789668,0.9979482970865818,10.0,2
0.1,3,0.6374077112387203,0.9222222222222223,100.0,2
0.2,3,0.7065066912782649,0.9537892791127541,10.0,2
0.30000000000000004,3,0.7352320675105485,0.9766009852216748,10.0,2
0.4,3,0.7526153846153846,0.9501385041551247,1.0,2
0.5,3,0.7496307237813885,0.9896602658788775,100.0,2
0.6,3,0.7693726937269373,0.9612068965517241,1.0,2
0.7000000000000001,3,0.7712177121771218,0.9931398416886543,10.0,2
0.8,3,0.7896678966789668,0.9686057248384118,1.0,2
0.9,3,0.7933579335793358,0.9995896594173164,10.0,2
0.1,4,0.6214109926168991,0.8962962962962963,1.0,2
0.2,4,0.6848177203507153,0.9611829944547134,10.0,2
0.30000000000000004,4,0.7399789029535865,0.9433497536945813,1.0,2
0.4,4,0.7649230769230769,0.9787626962142197,10.0,2
0.5,4,0.794682422451994,0.981536189069424,10.0,2
0.6,4,0.7961254612546126,0.9858374384236454,10.0,2
0.7000000000000001,4,0.8154981549815498,0.9667546174142481,1.0,2
0.8,4,0.8284132841328413,0.9944598337950139,100.0,2
0.9,4,0.8339483394833949,0.9720968403775133,1.0,2
0.1,5,0.6468416735028713,0.9296296296296296,10.0,2
0.2,5,0.6940470696815875,0.9574861367837338,10.0,2
0.30000000000000004,5,0.7204641350210971,0.9298029556650246,1.0,2
0.4,5,0.7550769230769231,0.984302862419206,1000.0,2
0.5,5,0.7695716395864106,0.9881831610044313,10.0,2
0.6,5,0.7869003690036901,0.9913793103448276,10.0,2
0.7000000000000001,5,0.7958179581795818,0.9620052770448548,1.0,2
0.8,5,0.8062730627306273,0.9958448753462604,10.0,2
0.9,5,0.8302583025830258,0.9708658186294624,1.0,2
0.1,6,0.6312551271534045,0.8962962962962963,1.0,2
0.2,6,0.6857406552838025,0.9279112754158965,1.0,2
0.30000000000000004,6,0.7183544303797469,0.9778325123152709,100.0,2
0.4,6,0.7526153846153846,0.976915974145891,100.0,2
0.5,6,0.7806499261447563,0.98301329394387,100.0,2
0.6,6,0.7813653136531366,0.9895320197044335,100.0,2
0.7000000000000001,6,0.7982779827798278,0.9936675461741424,1000.0,2
0.8,6,0.8118081180811808,0.9953831948291783,10.0,2
0.9,6,0.8118081180811808,0.972507180960197,1.0,2
0.1,7,0.6365873666940115,0.8851851851851852,1.0,2
0.2,7,0.705122288878634,0.966728280961183,10.0,2
0.30000000000000004,7,0.7410337552742616,0.9482758620689655,1.0,2
0.4,7,0.7673846153846153,0.9852262234533703,10.0,2
0.5,7,0.7776957163958641,0.9889217134416544,10.0,2
0.6,7,0.7785977859778598,0.9913793103448276,1000.0,2
0.7000000000000001,7,0.7921279212792128,0.9941952506596307,100.0,2
0.8,7,0.7896678966789668,0.997229916897507,1000.0,2
0.9,7,0.8044280442804428,0.9975379565038982,10.0,2
0.1,8,0.6337161607875308,0.8629629629629629,1.0,2
0.2,8,0.705122288878634,0.9260628465804066,1.0,2
0.30000000000000004,8,0.7093881856540084,0.8165024630541872,0.1,2
0.4,8,0.7495384615384615,0.9556786703601108,1.0,2
0.5,8,0.7503692762186115,0.9844903988183161,1000.0,2
0.6,8,0.7749077490774908,0.9913793103448276,1000.0,2
0.7000000000000001,8,0.7785977859778598,0.9931398416886543,10.0,2
0.8,8,0.8099630996309963,0.9958448753462604,10.0,2
0.9,8,0.8450184501845018,0.9983586376692655,10.0,2
0.1,9,0.6086956521739131,0.9222222222222223,10.0,2
0.2,9,0.6968158744808491,0.9186691312384473,1.0,2
0.30000000000000004,9,0.7209915611814346,0.9445812807881774,1.0,2
0.4,9,0.7569230769230769,0.9778393351800554,10.0,2
0.5,9,0.7666174298375185,0.9586410635155096,1.0,2
0.6,9,0.7767527675276753,0.9624384236453202,1.0,2
0.7000000000000001,9,0.7859778597785978,0.9672823218997362,1.0,2
0.8,9,0.7952029520295203,0.9953831948291783,10.0,2
0.9,9,0.8118081180811808,0.9983586376692655,100.0,2
0.1,0,0.6706316652994257,0.9481481481481482,1.0,3
0.2,0,0.7129672358098754,0.966728280961183,1.0,3
0.30000000000000004,0,0.7410337552742616,0.8891625615763546,0.1,3
0.4,0,0.7507692307692307,0.9621421975992613,1.0,3
0.5,0,0.7437223042836041,0.96602658788774,1.0,3
0.6,0,0.746309963099631,0.9144088669950738,0.1,3
0.7000000000000001,0,0.7773677736777368,0.970448548812665,1.0,3
0.8,0,0.7712177121771218,0.971375807940905,1.0,3
0.9,0,0.7749077490774908,0.9733278621255642,1.0,3
0.1,1,0.6808859721082855,0.9592592592592593,1.0,3
0.2,1,0.7000461467466543,0.8761552680221811,0.1,3
0.30000000000000004,1,0.7420886075949367,0.9605911330049262,1.0,3
0.4,1,0.7526153846153846,0.9630655586334257,1.0,3
0.5,1,0.7703101920236337,0.9667651403249631,1.0,3
0.6,1,0.7730627306273062,0.9907635467980296,10.0,3
0.7000000000000001,1,0.7749077490774908,0.9699208443271767,1.0,3
0.8,1,0.7841328413284133,0.9722991689750693,1.0,3
0.9,1,0.7527675276752768,0.975789905621666,1.0,3
0.1,2,0.6657095980311731,0.937037037037037,1.0,3
0.2,2,0.6945085371481311,0.866913123844732,0.1,3
0.30000000000000004,2,0.7304852320675106,0.9692118226600985,1.0,3
0.4,2,0.7483076923076923,0.9658356417359187,1.0,3
0.5,2,0.759970457902511,0.9689807976366323,1.0,3
0.6,2,0.7804428044280443,0.9889162561576355,1000.0,3
0.7000000000000001,2,0.7736777367773677,0.9910290237467019,10.0,3
0.8,2,0.7601476014760148,0.9953831948291783,100.0,3
0.9,2,0.7859778597785978,0.9979482970865818,100.0,3
0.1,3,0.6595570139458573,0.9444444444444444,1000.0,3
0.2,3,0.6968158744808491,0.9630314232902033,1000.0,3
0.30000000000000004,3,0.744198312236287,0.9568965517241379,1.0,3
0.4,3,0.7470769230769231,0.8965835641735919,0.1,3
0.5,3,0.7503692762186115,0.9010339734121122,0.1,3
0.6,3,0.7564575645756457,0.9088669950738916,0.1,3
0.7000000000000001,3,0.7712177121771218,0.9931398416886543,100.0,3
0.8,3,0.7712177121771218,0.9732225300092336,1.0,3
0.9,3,0.7601476014760148,0.9741485432909315,1.0,3
0.1,4,0.6447908121410992,0.9518518518518518,1.0,3
0.2,4,0.705122288878634,0.8354898336414048,0.1,3
0.30000000000000004,4,0.7341772151898734,0.8731527093596059,0.1,3
0.4,4,0.76,0.9824561403508771,100.0,3
0.5,4,0.7850812407680945,0.9852289512555391,10.0,3
0.6,4,0.7924354243542435,0.9692118226600985,1.0,3
0.7000000000000001,4,0.7859778597785978,0.99155672823219,1000.0,3
0.8,4,0.8136531365313653,0.9944598337950139,10.0,3
0.9,4,0.8191881918819188,0.9967172753385309,10.0,3
0.1,5,0.6468416735028713,0.9629629629629629,100.0,3
0.2,5,0.6954314720812182,0.8391866913123844,0.1,3
0.30000000000000004,5,0.7320675105485233,0.9556650246305419,1.0,3
0.4,5,0.7396923076923076,0.8818097876269622,0.1,3
0.5,5,0.7673559822747416,0.9889217134416544,100.0,3
0.6,5,0.7739852398523985,0.9919950738916257,100.0,3
0.7000000000000001,5,0.7835178351783518,0.9931398416886543,100.0,3
0.8,5,0.7730627306273062,0.9963065558633426,10.0,3
0.9,5,0.7675276752767528,0.9983586376692655,10.0,3
0.1,6,0.6431501230516817,0.9518518518518518,1.0,3
0.2,6,0.6917397323488694,0.955637707948244,1.0,3
0.30000000000000004,6,0.7114978902953587,0.8817733990147784,0.1,3
0.4,6,0.7366153846153846,0.9787626962142197,100.0,3
0.5,6,0.7540620384047267,0.983751846381093,100.0,3
0.6,6,0.7666051660516605,0.9895320197044335,1000.0,3
0.7000000000000001,6,0.7970479704797048,0.9715039577836412,1.0,3
0.8,6,0.8044280442804428,0.9718374884579871,1.0,3
0.9,6,0.7675276752767528,0.9979482970865818,100.0,3
0.1,7,0.6361771944216571,0.8518518518518519,0.1,3
0.2,7,0.6982002768804799,0.8706099815157117,0.1,3
0.30000000000000004,7,0.75,0.9618226600985221,1.0,3
0.4,7,0.7581538461538462,0.9676823638042474,1.0,3
0.5,7,0.7629246676514032,0.9889217134416544,1000.0,3
0.6,7,0.772140221402214,0.9913793103448276,100.0,3
0.7000000000000001,7,0.7847478474784748,0.9709762532981531,1.0,3
0.8,7,0.7878228782287823,0.9159741458910434,0.1,3
0.9,7,0.7970479704797048,0.9729175215428806,1.0,3
0.1,8,0.6439704675963905,0.8222222222222222,0.1,3
0.2,8,0.7097369635440701,0.8724584103512015,0.1,3
0.30000000000000004,8,0.7236286919831224,0.8817733990147784,0.1,3
0.4,8,0.7458461538461538,0.9824561403508771,1000.0,3
0.5,8,0.7621861152141802,0.9867060561299852,10.0,3
0.6,8,0.761070110701107,0.9919950738916257,1000.0,3
0.7000000000000001,8,0.7662976629766297,0.9720316622691293,1.0,3
0.8,8,0.7822878228782287,0.9963065558633426,10.0,3
0.9,8,0.7970479704797048,0.9753795650389824,1.0,3
0.1,9,0.6525840853158327,0.9407407407407408,1.0,3
0.2,9,0.6963544070143055,0.9611829944547134,1.0,3
0.30000000000000004,9,0.7188818565400844,0.8854679802955665,0.1,3
0.4,9,0.7384615384615385,0.984302862419206,100.0,3
0.5,9,0.7666174298375185,0.9741506646971935,1.0,3
0.6,9,0.7776752767527675,0.9716748768472906,1.0,3
0.7000000000000001,9,0.7773677736777368,0.9730870712401055,1.0,3
0.8,9,0.7822878228782287,0.9953831948291783,10.0,3
0.9,9,0.7601476014760148,0.9749692244562987,1.0,3
