wvrn_acc,wvrn_std,ratio,nlb_acc,nlb_std
0.785309807139926,0.00791861643534113,0.1,0.2530160032827246,0.11454525864286802
0.8145891043397968,0.00818447275397468,0.2,0.3582179132040627,0.10220022409352345
0.8262130801687764,0.008577772134646923,0.30000000000000004,0.4765295358649789,0.15612690395270692
0.8379076923076922,0.006896701895936941,0.4,0.6579692307692308,0.12856279953928368
0.8403249630723781,0.006264890735565755,0.5,0.8119645494830132,0.029346967582898502
0.8485687903970452,0.010300523564593113,0.6,0.8496768236380425,0.012673950091799415
0.8588669950738916,0.008356657241378957,0.7000000000000001,0.8479064039408867,0.024384720213254885
0.850369003690037,0.015666368793619,0.8,0.8566420664206642,0.012784142175737869
0.8660516605166052,0.03669685576517143,0.9,0.8881918819188191,0.023211084960325003
