ratio,run,cluster_acc,cluster_acc_train,best_C,depth
0.1,0,0.485233798195242,0.5037037037037037,1000.0,0
0.2,0,0.5948315643747116,0.6303142329020333,1.0,0
0.30000000000000004,0,0.6608649789029536,0.6785714285714286,100.0,0
0.4,0,0.7058461538461539,0.7239150507848569,1.0,0
0.5,0,0.7466765140324964,0.7607090103397341,100.0,0
0.6,0,0.7952029520295203,0.7924876847290641,100.0,0
0.7000000000000001,0,0.8142681426814268,0.8147757255936675,1.0,0
0.8,0,0.8339483394833949,0.8342566943674977,1000.0,0
0.9,0,0.8450184501845018,0.8481739844070578,10.0,0
0.1,1,0.4745693191140279,0.4740740740740741,1000.0,0
0.2,1,0.5666820489155514,0.5859519408502772,1.0,0
0.30000000000000004,1,0.6318565400843882,0.6268472906403941,1.0,0
0.4,1,0.6904615384615385,0.6851338873499538,1.0,0
0.5,1,0.7621861152141802,0.7592319054652881,10.0,0
0.6,1,0.7850553505535055,0.8041871921182266,100.0,0
0.7000000000000001,1,0.8204182041820418,0.8184696569920844,10.0,0
0.8,1,0.8450184501845018,0.8425669436749769,100.0,0
0.9,1,0.8339483394833949,0.861304883052934,10.0,0
0.1,2,0.38474159146841674,0.4148148148148148,100.0,0
0.2,2,0.5454545454545454,0.55637707948244,1.0,0
0.30000000000000004,2,0.6292194092827004,0.6293103448275862,1.0,0
0.4,2,0.691076923076923,0.6980609418282548,100.0,0
0.5,2,0.7319054652880355,0.7466765140324964,1.0,0
0.6,2,0.7656826568265682,0.7820197044334976,1.0,0
0.7000000000000001,2,0.7908979089790897,0.807915567282322,1.0,0
0.8,2,0.8284132841328413,0.8337950138504155,10.0,0
0.9,2,0.8339483394833949,0.8596635207221994,10.0,0
0.1,3,0.4721082854799016,0.44074074074074077,1.0,0
0.2,3,0.583756345177665,0.5730129390018485,1.0,0
0.30000000000000004,3,0.6466244725738397,0.6625615763546798,1.0,0
0.4,3,0.7181538461538461,0.7368421052631579,10.0,0
0.5,3,0.7511078286558346,0.7570162481536189,10.0,0
0.6,3,0.7813653136531366,0.7992610837438424,100.0,0
0.7000000000000001,3,0.8056580565805658,0.8216358839050132,100.0,0
0.8,3,0.8284132841328413,0.8351800554016621,10.0,0
0.9,3,0.8376383763837638,0.8539187525646287,10.0,0
0.1,4,0.43929450369155043,0.45185185185185184,10.0,0
0.2,4,0.5629903091832026,0.5027726432532348,100.0,0
0.30000000000000004,4,0.6323839662447257,0.6157635467980296,1000.0,0
0.4,4,0.6781538461538461,0.667590027700831,0.1,0
0.5,4,0.7548005908419497,0.7267355982274741,0.1,0
0.6,4,0.7924354243542435,0.7518472906403941,1.0,0
0.7000000000000001,4,0.8413284132841329,0.7894459102902375,1000.0,0
0.8,4,0.8892988929889298,0.8259464450600185,100.0,0
0.9,4,0.9003690036900369,0.850225687320476,1000.0,0
0.1,5,0.4639048400328138,0.44814814814814813,1.0,0
0.2,5,0.6008306414397785,0.5693160813308688,10.0,0
0.30000000000000004,5,0.6508438818565401,0.6600985221674877,1.0,0
0.4,5,0.7286153846153847,0.7239150507848569,1.0,0
0.5,5,0.7592319054652881,0.7673559822747416,1.0,0
0.6,5,0.7998154981549815,0.7881773399014779,100.0,0
0.7000000000000001,5,0.8081180811808119,0.8110817941952506,0.1,0
0.8,5,0.8265682656826568,0.8471837488457987,10.0,0
0.9,5,0.8745387453874539,0.8559704554780467,100.0,0
0.1,6,0.4331419196062346,0.45555555555555555,1.0,0
0.2,6,0.5579141670512229,0.5360443622920518,100.0,0
0.30000000000000004,6,0.6186708860759493,0.6650246305418719,100.0,0
0.4,6,0.6836923076923077,0.6740535549399815,1.0,0
0.5,6,0.7540620384047267,0.725258493353028,100.0,0
0.6,6,0.7776752767527675,0.7826354679802956,10.0,0
0.7000000000000001,6,0.8142681426814268,0.8052770448548813,10.0,0
0.8,6,0.8468634686346863,0.8310249307479224,10.0,0
0.9,6,0.8523985239852399,0.8592531801395158,10.0,0
0.1,7,0.4815422477440525,0.5185185185185185,1.0,0
0.2,7,0.6008306414397785,0.6192236598890942,1.0,0
0.30000000000000004,7,0.6740506329113924,0.6908866995073891,0.1,0
0.4,7,0.7101538461538461,0.7460757156048015,0.1,0
0.5,7,0.7651403249630724,0.774741506646972,0.1,0
0.6,7,0.7961254612546126,0.8109605911330049,1.0,0
0.7000000000000001,7,0.8277982779827798,0.829023746701847,10.0,0
0.8,7,0.8505535055350554,0.8388734995383195,1.0,0
0.9,7,0.8708487084870848,0.8576118178087813,100.0,0
0.1,8,0.4495488105004102,0.48518518518518516,100.0,0
0.2,8,0.5782187355791417,0.5471349353049908,1.0,0
0.30000000000000004,8,0.6434599156118144,0.6342364532019704,1.0,0
0.4,8,0.7052307692307692,0.6851338873499538,1.0,0
0.5,8,0.7570162481536189,0.7518463810930576,10.0,0
0.6,8,0.7924354243542435,0.7961822660098522,10.0,0
0.7000000000000001,8,0.8204182041820418,0.804221635883905,0.1,0
0.8,8,0.8321033210332104,0.8347183748845799,10.0,0
0.9,8,0.8413284132841329,0.8530980713992614,1.0,0
0.1,9,0.4589827727645611,0.4962962962962963,1000.0,0
0.2,9,0.5749884633133364,0.5988909426987061,0.1,0
0.30000000000000004,9,0.6350210970464135,0.6711822660098522,0.1,0
0.4,9,0.6953846153846154,0.7063711911357341,1.0,0
0.5,9,0.7385524372230429,0.7555391432791728,1000.0,0
0.6,9,0.7822878228782287,0.7943349753694581,1000.0,0
0.7000000000000001,9,0.8130381303813038,0.8184696569920844,1000.0,0
0.8,9,0.8357933579335793,0.8416435826408125,1.0,0
0.9,9,0.8413284132841329,0.8600738613048831,100.0,0
0.1,0,0.6542247744052502,0.7111111111111111,1.0,1
0.2,0,0.7715736040609137,0.8188539741219963,1.0,1
0.30000000000000004,0,0.7979957805907173,0.8201970443349754,10.0,1
0.4,0,0.811076923076923,0.8254847645429363,1.0,1
0.5,0,0.8124076809453471,0.8389955686853766,0.1,1
0.6,0,0.8302583025830258,0.8528325123152709,1.0,1
0.7000000000000001,0,0.8536285362853628,0.8580474934036939,10.0,1
0.8,0,0.8376383763837638,0.8679593721144968,1.0,1
0.9,0,0.8376383763837638,0.8715633976200247,1.0,1
0.1,1,0.6579163248564397,0.6777777777777778,1.0,1
0.2,1,0.7397323488694048,0.7911275415896488,10.0,1
0.30000000000000004,1,0.7774261603375527,0.7931034482758621,10.0,1
0.4,1,0.8061538461538461,0.8291782086795937,10.0,1
0.5,1,0.8242245199409158,0.8389955686853766,1.0,1
0.6,1,0.8404059040590406,0.8503694581280788,1.0,1
0.7000000000000001,1,0.8573185731857319,0.8506596306068601,1.0,1
0.8,1,0.8800738007380073,0.8628808864265928,1.0,1
0.9,1,0.8450184501845018,0.8699220352892901,1.0,1
0.1,2,0.6127973748974569,0.7,10.0,1
0.2,2,0.724042455006922,0.7818853974121996,1000.0,1
0.30000000000000004,2,0.7768987341772152,0.8140394088669951,1.0,1
0.4,2,0.8006153846153846,0.8319482917820868,1000.0,1
0.5,2,0.8175775480059084,0.8323485967503693,0.1,1
0.6,2,0.834870848708487,0.8497536945812808,10.0,1
0.7000000000000001,2,0.8388683886838868,0.8559366754617415,1.0,1
0.8,2,0.8228782287822878,0.8647276084949215,0.1,1
0.9,2,0.8339483394833949,0.8686910135412392,1.0,1
0.1,3,0.6767842493847416,0.6259259259259259,1.0,1
0.2,3,0.7461928934010152,0.7541589648798521,10.0,1
0.30000000000000004,3,0.7816455696202531,0.8115763546798029,100.0,1
0.4,3,0.804923076923077,0.8319482917820868,1000.0,1
0.5,3,0.8079763663220089,0.8367799113737076,1000.0,1
0.6,3,0.8182656826568265,0.8423645320197044,0.1,1
0.7000000000000001,3,0.8302583025830258,0.8601583113456465,1000.0,1
0.8,3,0.8542435424354243,0.8596491228070176,1.0,1
0.9,3,0.8450184501845018,0.8695116947066065,1.0,1
0.1,4,0.6316652994257588,0.6777777777777778,1.0,1
0.2,4,0.7461928934010152,0.7301293900184843,100.0,1
0.30000000000000004,4,0.7890295358649789,0.7684729064039408,1.0,1
0.4,4,0.8153846153846154,0.7987072945521699,10.0,1
0.5,4,0.8471196454948301,0.8146233382570163,0.1,1
0.6,4,0.8616236162361623,0.8171182266009852,1.0,1
0.7000000000000001,4,0.8794587945879458,0.8274406332453826,0.1,1
0.8,4,0.8985239852398524,0.8471837488457987,1.0,1
0.9,4,0.9040590405904059,0.8596635207221994,100.0,1
0.1,5,0.6538146021328958,0.6703703703703704,10.0,1
0.2,5,0.7526534379326257,0.7430683918669131,10.0,1
0.30000000000000004,5,0.7821729957805907,0.8115763546798029,10.0,1
0.4,5,0.8196923076923077,0.8365650969529086,1.0,1
0.5,5,0.827917282127031,0.8471196454948301,1.0,1
0.6,5,0.8367158671586716,0.8571428571428571,1000.0,1
0.7000000000000001,5,0.8487084870848709,0.8548812664907651,0.1,1
0.8,5,0.8431734317343174,0.8716528162511542,100.0,1
0.9,5,0.8745387453874539,0.8703323758719738,10.0,1
0.1,6,0.6509433962264151,0.6851851851851852,10.0,1
0.2,6,0.7540378403322566,0.7615526802218114,1000.0,1
0.30000000000000004,6,0.7805907172995781,0.7881773399014779,1.0,1
0.4,6,0.804923076923077,0.7931671283471837,1.0,1
0.5,6,0.8286558345642541,0.8190546528803545,1.0,1
0.6,6,0.8450184501845018,0.8423645320197044,1.0,1
0.7000000000000001,6,0.8413284132841329,0.8564643799472296,100.0,1
0.8,6,0.8726937269372693,0.8610341643582641,1.0,1
0.9,6,0.8376383763837638,0.8723840787853919,1.0,1
0.1,7,0.6665299425758818,0.7703703703703704,100.0,1
0.2,7,0.7549607752653438,0.7929759704251387,1.0,1
0.30000000000000004,7,0.7953586497890295,0.8029556650246306,100.0,1
0.4,7,0.8123076923076923,0.8254847645429363,100.0,1
0.5,7,0.827178729689808,0.8493353028064993,10.0,1
0.6,7,0.8376383763837638,0.854064039408867,1.0,1
0.7000000000000001,7,0.8548585485854858,0.8554089709762533,100.0,1
0.8,7,0.8690036900369004,0.8605724838411819,10.0,1
0.9,7,0.8782287822878229,0.8699220352892901,1.0,1
0.1,8,0.6443806398687448,0.7,10.0,1
0.2,8,0.7448084910013844,0.767097966728281,1000.0,1
0.30000000000000004,8,0.7853375527426161,0.7943349753694581,10.0,1
0.4,8,0.804923076923077,0.8116343490304709,100.0,1
0.5,8,0.8360413589364845,0.8234859675036927,10.0,1
0.6,8,0.8450184501845018,0.8405172413793104,100.0,1
0.7000000000000001,8,0.8511685116851169,0.850131926121372,10.0,1
0.8,8,0.8671586715867159,0.858264081255771,1.0,1
0.9,8,0.8782287822878229,0.8674599917931883,10.0,1
0.1,9,0.6447908121410992,0.6296296296296297,1.0,1
0.2,9,0.7540378403322566,0.7541589648798521,1.0,1
0.30000000000000004,9,0.7774261603375527,0.7857142857142857,1000.0,1
0.4,9,0.8092307692307692,0.8024007386888273,100.0,1
0.5,9,0.8042836041358936,0.8286558345642541,0.1,1
0.6,9,0.8357933579335793,0.8516009852216748,100.0,1
0.7000000000000001,9,0.8474784747847478,0.8527704485488127,1.0,1
0.8,9,0.8542435424354243,0.8688827331486612,100.0,1
0.9,9,0.8523985239852399,0.8699220352892901,100.0,1
0.1,0,0.7309269893355209,0.7555555555555555,1.0,2
0.2,0,0.7780341485925242,0.8354898336414048,1.0,2
0.30000000000000004,0,0.8032700421940928,0.8399014778325123,1.0,2
0.4,0,0.8147692307692308,0.8356417359187442,0.1,2
0.5,0,0.810930576070901,0.8515509601181684,1.0,2
0.6,0,0.8265682656826568,0.854679802955665,0.1,2
0.7000000000000001,0,0.8523985239852399,0.8707124010554089,10.0,2
0.8,0,0.8302583025830258,0.8730378578024007,1.0,2
0.9,0,0.8302583025830258,0.8723840787853919,1.0,2
0.1,1,0.7223133716160788,0.7444444444444445,1.0,2
0.2,1,0.7715736040609137,0.822550831792976,1.0,2
0.30000000000000004,1,0.790084388185654,0.8066502463054187,0.1,2
0.4,1,0.816,0.830101569713758,1.0,2
0.5,1,0.8389955686853766,0.8471196454948301,1.0,2
0.6,1,0.8523985239852399,0.854679802955665,1.0,2
0.7000000000000001,1,0.8622386223862238,0.8575197889182058,1.0,2
0.8,1,0.8819188191881919,0.8651892890120036,1.0,2
0.9,1,0.8487084870848709,0.8719737382027083,10.0,2
0.1,2,0.7001640689089418,0.762962962962963,10.0,2
0.2,2,0.7697277341947393,0.8096118299445472,1.0,2
0.30000000000000004,2,0.7979957805907173,0.8325123152709359,1.0,2
0.4,2,0.8092307692307692,0.8430286241920592,10.0,2
0.5,2,0.827917282127031,0.8404726735598228,1.0,2
0.6,2,0.8357933579335793,0.854064039408867,1.0,2
0.7000000000000001,2,0.8413284132841329,0.8612137203166227,1.0,2
0.8,2,0.8450184501845018,0.8670360110803325,1.0,2
0.9,2,0.8339483394833949,0.8703323758719738,0.1,2
0.1,3,0.7518457752255947,0.7481481481481481,1.0,2
0.2,3,0.7738809413936317,0.8077634011090573,10.0,2
0.30000000000000004,3,0.8059071729957806,0.8411330049261084,10.0,2
0.4,3,0.8172307692307692,0.8494921514312096,10.0,2
0.5,3,0.8146233382570163,0.845642540620384,1.0,2
0.6,3,0.8238007380073801,0.8565270935960592,10.0,2
0.7000000000000001,3,0.8339483394833949,0.8559366754617415,1.0,2
0.8,3,0.8523985239852399,0.8642659279778393,1.0,2
0.9,3,0.8450184501845018,0.8695116947066065,0.1,2
0.1,4,0.7157506152584086,0.7481481481481481,1.0,2
0.2,4,0.7863405629903092,0.7707948243992606,1.0,2
0.30000000000000004,4,0.8143459915611815,0.7906403940886699,1.0,2
0.4,4,0.8307692307692308,0.8116343490304709,1.0,2
0.5,4,0.8419497784342689,0.8183161004431314,0.1,2
0.6,4,0.8634686346863468,0.8208128078817734,0.1,2
0.7000000000000001,4,0.8794587945879458,0.8379947229551451,0.1,2
0.8,4,0.9003690036900369,0.8485687903970452,1.0,2
0.9,4,0.9040590405904059,0.8621255642183012,10.0,2
0.1,5,0.7095980311730927,0.8,10.0,2
0.2,5,0.7784956160590678,0.7985212569316081,10.0,2
0.30000000000000004,5,0.7974683544303798,0.8312807881773399,1.0,2
0.4,5,0.8252307692307692,0.8476454293628809,1.0,2
0.5,5,0.827178729689808,0.8508124076809453,1.0,2
0.6,5,0.8357933579335793,0.854064039408867,1.0,2
0.7000000000000001,5,0.8462484624846248,0.8601583113456465,1.0,2
0.8,5,0.8376383763837638,0.8739612188365651,10.0,2
0.9,5,0.8634686346863468,0.8748461222814936,100.0,2
0.1,6,0.7128794093519278,0.8,10.0,2
0.2,6,0.7738809413936317,0.8114602587800369,10.0,2
0.30000000000000004,6,0.8001054852320675,0.8386699507389163,10.0,2
0.4,6,0.8184615384615385,0.817174515235457,100.0,2
0.5,6,0.8397341211225997,0.8389955686853766,1.0,2
0.6,6,0.8450184501845018,0.8503694581280788,1.0,2
0.7000000000000001,6,0.8400984009840098,0.8633245382585752,100.0,2
0.8,6,0.8671586715867159,0.8638042474607571,10.0,2
0.9,6,0.8450184501845018,0.8719737382027083,1.0,2
0.1,7,0.706726825266612,0.825925925925926,1.0,2
0.2,7,0.774803876326719,0.8317929759704251,1.0,2
0.30000000000000004,7,0.8122362869198312,0.8226600985221675,1.0,2
0.4,7,0.8196923076923077,0.8328716528162512,1.0,2
0.5,7,0.8345642540620384,0.8537666174298375,1.0,2
0.6,7,0.8367158671586716,0.8577586206896551,1.0,2
0.7000000000000001,7,0.8597785977859779,0.8569920844327177,1.0,2
0.8,7,0.8690036900369004,0.8591874422899354,1.0,2
0.9,7,0.8782287822878229,0.8658186294624538,1.0,2
0.1,8,0.72149302707137,0.7962962962962963,10.0,2
0.2,8,0.7794185509921551,0.8059149722735675,1.0,2
0.30000000000000004,8,0.7969409282700421,0.8140394088669951,0.1,2
0.4,8,0.8098461538461539,0.8282548476454293,1.0,2
0.5,8,0.8220088626292467,0.8323485967503693,1.0,2
0.6,8,0.8422509225092251,0.8522167487684729,10.0,2
0.7000000000000001,8,0.8523985239852399,0.8559366754617415,10.0,2
0.8,8,0.8653136531365314,0.863342566943675,10.0,2
0.9,8,0.8819188191881919,0.8682806729585556,10.0,2
0.1,9,0.7112387202625102,0.7111111111111111,1.0,2
0.2,9,0.7826488232579604,0.789279112754159,1.0,2
0.30000000000000004,9,0.7990506329113924,0.8115763546798029,10.0,2
0.4,9,0.824,0.8079409048938134,0.1,2
0.5,9,0.8257016248153619,0.8338257016248154,0.1,2
0.6,9,0.834870848708487,0.8552955665024631,10.0,2
0.7000000000000001,9,0.8376383763837638,0.8638522427440634,10.0,2
0.8,9,0.8468634686346863,0.8707294552169899,1000.0,2
0.9,9,0.8487084870848709,0.8773081657775954,1000.0,2
