ratio,run,cluster_acc,cluster_acc_train,best_C,restart
0.1,0,0.30680885972108285,1.0,100.0,0.1
0.2,0,0.30595293031841253,1.0,100.0,0.1
0.30000000000000004,0,0.3338607594936709,1.0,1000.0,0.1
0.4,0,0.3606153846153846,1.0,1000.0,0.1
0.5,0,0.35450516986706054,1.0,1000.0,0.1
0.6,0,0.38468634686346864,1.0,1000.0,0.1
0.7000000000000001,0,0.4132841328413284,1.0,1000.0,0.1
0.8,0,0.4114391143911439,1.0,1000.0,0.1
0.9,0,0.47232472324723246,1.0,1000.0,0.1
0.1,1,0.30311730926989333,1.0,100.0,0.1
0.2,1,0.30041532071988925,0.30868761552680224,0.001,0.1
0.30000000000000004,1,0.310126582278481,1.0,1000.0,0.1
0.4,1,0.32,1.0,1000.0,0.1
0.5,1,0.3249630723781389,1.0,1000.0,0.1
0.6,1,0.34686346863468637,1.0,1000.0,0.1
0.7000000000000001,1,0.3800738007380074,1.0,1000.0,0.1
0.8,1,0.4261992619926199,1.0,1000.0,0.1
0.9,1,0.4575645756457565,1.0,1000.0,0.1
0.1,2,0.29983593109105827,0.32222222222222224,0.001,0.1
0.2,2,0.30595293031841253,1.0,100.0,0.1
0.30000000000000004,2,0.31645569620253167,1.0,1000.0,0.1
0.4,2,0.3323076923076923,1.0,1000.0,0.1
0.5,2,0.3412112259970458,1.0,1000.0,0.1
0.6,2,0.3505535055350554,1.0,1000.0,0.1
0.7000000000000001,2,0.4009840098400984,1.0,1000.0,0.1
0.8,2,0.4077490774907749,1.0,1000.0,0.1
0.9,2,0.42435424354243545,1.0,1000.0,0.1
0.1,3,0.3055783429040197,1.0,10.0,0.1
0.2,3,0.31610521458237195,1.0,1000.0,0.1
0.30000000000000004,3,0.32331223628691985,1.0,1000.0,0.1
0.4,3,0.3372307692307692,1.0,1000.0,0.1
0.5,3,0.34711964549483015,1.0,1000.0,0.1
0.6,3,0.3662361623616236,1.0,1000.0,0.1
0.7000000000000001,3,0.42435424354243545,1.0,1000.0,0.1
0.8,3,0.48523985239852396,1.0,1000.0,0.1
0.9,3,0.4981549815498155,1.0,1000.0,0.1
0.1,4,0.302707136997539,0.2962962962962963,0.001,0.1
0.2,4,0.3137978772496539,1.0,100.0,0.1
0.30000000000000004,4,0.3206751054852321,1.0,1000.0,0.1
0.4,4,0.33476923076923076,1.0,1000.0,0.1
0.5,4,0.3604135893648449,1.0,1000.0,0.1
0.6,4,0.3736162361623616,1.0,1000.0,0.1
0.7000000000000001,4,0.4218942189421894,1.0,1000.0,0.1
0.8,4,0.4981549815498155,1.0,1000.0,0.1
0.9,4,0.5350553505535055,1.0,1000.0,0.1
0.1,5,0.3092698933552092,1.0,1000.0,0.1
0.2,5,0.3262574988463313,1.0,1000.0,0.1
0.30000000000000004,5,0.3169831223628692,1.0,1000.0,0.1
0.4,5,0.32553846153846155,1.0,1000.0,0.1
0.5,5,0.3500738552437223,1.0,1000.0,0.1
0.6,5,0.4003690036900369,1.0,1000.0,0.1
0.7000000000000001,5,0.4280442804428044,1.0,1000.0,0.1
0.8,5,0.4833948339483395,1.0,1000.0,0.1
0.9,5,0.4981549815498155,1.0,1000.0,0.1
0.1,6,0.29983593109105827,0.32222222222222224,0.001,0.1
0.2,6,0.2990309183202584,0.3142329020332717,0.001,0.1
0.30000000000000004,6,0.31276371308016876,1.0,1000.0,0.1
0.4,6,0.3310769230769231,1.0,1000.0,0.1
0.5,6,0.34268833087149186,1.0,1000.0,0.1
0.6,6,0.36900369003690037,1.0,1000.0,0.1
0.7000000000000001,6,0.3899138991389914,1.0,1000.0,0.1
0.8,6,0.44649446494464945,1.0,1000.0,0.1
0.9,6,0.42435424354243545,1.0,1000.0,0.1
0.1,7,0.29942575881870387,1.0,10.0,0.1
0.2,7,0.3036455929856945,1.0,1000.0,0.1
0.30000000000000004,7,0.3159282700421941,1.0,1000.0,0.1
0.4,7,0.3243076923076923,1.0,1000.0,0.1
0.5,7,0.3463810930576071,1.0,1000.0,0.1
0.6,7,0.3736162361623616,1.0,1000.0,0.1
0.7000000000000001,7,0.42927429274292744,1.0,1000.0,0.1
0.8,7,0.44649446494464945,1.0,1000.0,0.1
0.9,7,0.4833948339483395,1.0,1000.0,0.1
0.1,8,0.30393765381460214,0.2851851851851852,0.001,0.1
0.2,8,0.31795108444854636,1.0,1000.0,0.1
0.30000000000000004,8,0.3280590717299578,1.0,1000.0,0.1
0.4,8,0.3433846153846154,1.0,1000.0,0.1
0.5,8,0.37961595273264404,1.0,1000.0,0.1
0.6,8,0.4077490774907749,1.0,1000.0,0.1
0.7000000000000001,8,0.4182041820418204,1.0,1000.0,0.1
0.8,8,0.4354243542435424,1.0,1000.0,0.1
0.9,8,0.45018450184501846,1.0,1000.0,0.1
0.1,9,0.300656275635767,0.3148148148148148,0.001,0.1
0.2,9,0.3050299953853253,1.0,1000.0,0.1
0.30000000000000004,9,0.3111814345991561,1.0,1000.0,0.1
0.4,9,0.3292307692307692,1.0,1000.0,0.1
0.5,9,0.33899556868537667,1.0,1000.0,0.1
0.6,9,0.37177121771217714,1.0,1000.0,0.1
0.7000000000000001,9,0.3936039360393604,1.0,1000.0,0.1
0.8,9,0.3929889298892989,1.0,1000.0,0.1
0.9,9,0.42435424354243545,1.0,1000.0,0.1
0.1,0,0.3999179655455291,1.0,1000.0,0.30000000000000004
0.2,0,0.4873096446700508,1.0,1000.0,0.30000000000000004
0.30000000000000004,0,0.6207805907172996,1.0,1000.0,0.30000000000000004
0.4,0,0.6886153846153846,1.0,1000.0,0.30000000000000004
0.5,0,0.7319054652880355,1.0,1000.0,0.30000000000000004
0.6,0,0.7859778597785978,1.0,1000.0,0.30000000000000004
0.7000000000000001,0,0.8142681426814268,1.0,1000.0,0.30000000000000004
0.8,0,0.8247232472324724,1.0,1000.0,0.30000000000000004
0.9,0,0.8487084870848709,1.0,1000.0,0.30000000000000004
0.1,1,0.37653814602132896,1.0,1000.0,0.30000000000000004
0.2,1,0.4748500230733733,1.0,1000.0,0.30000000000000004
0.30000000000000004,1,0.5675105485232067,1.0,1000.0,0.30000000000000004
0.4,1,0.6467692307692308,1.0,1000.0,0.30000000000000004
0.5,1,0.7186115214180206,1.0,1000.0,0.30000000000000004
0.6,1,0.7546125461254612,1.0,1000.0,0.30000000000000004
0.7000000000000001,1,0.8007380073800738,1.0,1000.0,0.30000000000000004
0.8,1,0.8376383763837638,1.0,1000.0,0.30000000000000004
0.9,1,0.8376383763837638,1.0,1000.0,0.30000000000000004
0.1,2,0.3646431501230517,1.0,1000.0,0.30000000000000004
0.2,2,0.47115828334102444,1.0,1000.0,0.30000000000000004
0.30000000000000004,2,0.569620253164557,1.0,1000.0,0.30000000000000004
0.4,2,0.6498461538461539,1.0,1000.0,0.30000000000000004
0.5,2,0.7200886262924667,1.0,1000.0,0.30000000000000004
0.6,2,0.7601476014760148,1.0,1000.0,0.30000000000000004
0.7000000000000001,2,0.7995079950799509,1.0,1000.0,0.30000000000000004
0.8,2,0.8284132841328413,1.0,1000.0,0.30000000000000004
0.9,2,0.8302583025830258,1.0,1000.0,0.30000000000000004
0.1,3,0.4159146841673503,1.0,1000.0,0.30000000000000004
0.2,3,0.522381172127365,1.0,1000.0,0.30000000000000004
0.30000000000000004,3,0.5938818565400844,1.0,1000.0,0.30000000000000004
0.4,3,0.68,1.0,1000.0,0.30000000000000004
0.5,3,0.7296898079763663,1.0,1000.0,0.30000000000000004
0.6,3,0.772140221402214,1.0,1000.0,0.30000000000000004
0.7000000000000001,3,0.8118081180811808,1.0,1000.0,0.30000000000000004
0.8,3,0.8376383763837638,1.0,1000.0,0.30000000000000004
0.9,3,0.8450184501845018,1.0,1000.0,0.30000000000000004
0.1,4,0.3859721082854799,1.0,1000.0,0.30000000000000004
0.2,4,0.5149976926626673,1.0,1000.0,0.30000000000000004
0.30000000000000004,4,0.5817510548523207,1.0,1000.0,0.30000000000000004
0.4,4,0.6726153846153846,1.0,1000.0,0.30000000000000004
0.5,4,0.7392909896602659,1.0,1000.0,0.30000000000000004
0.6,4,0.7988929889298892,1.0,1000.0,0.30000000000000004
0.7000000000000001,4,0.8425584255842559,1.0,1000.0,0.30000000000000004
0.8,4,0.8782287822878229,1.0,1000.0,0.30000000000000004
0.9,4,0.8856088560885609,1.0,1000.0,0.30000000000000004
0.1,5,0.41058244462674326,1.0,1000.0,0.30000000000000004
0.2,5,0.5371481310567605,1.0,1000.0,0.30000000000000004
0.30000000000000004,5,0.5775316455696202,1.0,1000.0,0.30000000000000004
0.4,5,0.6572307692307693,1.0,1000.0,0.30000000000000004
0.5,5,0.706794682422452,1.0,1000.0,0.30000000000000004
0.6,5,0.7804428044280443,1.0,1000.0,0.30000000000000004
0.7000000000000001,5,0.8044280442804428,1.0,1000.0,0.30000000000000004
0.8,5,0.8228782287822878,1.0,1000.0,0.30000000000000004
0.9,5,0.8671586715867159,1.0,1000.0,0.30000000000000004
0.1,6,0.3646431501230517,1.0,1000.0,0.30000000000000004
0.2,6,0.45777572681125983,1.0,1000.0,0.30000000000000004
0.30000000000000004,6,0.5416666666666666,1.0,1000.0,0.30000000000000004
0.4,6,0.6467692307692308,1.0,1000.0,0.30000000000000004
0.5,6,0.725258493353028,1.0,1000.0,0.30000000000000004
0.6,6,0.761070110701107,1.0,1000.0,0.30000000000000004
0.7000000000000001,6,0.8081180811808119,1.0,1000.0,0.30000000000000004
0.8,6,0.8450184501845018,1.0,1000.0,0.30000000000000004
0.9,6,0.8487084870848709,1.0,1000.0,0.30000000000000004
0.1,7,0.3724364232977851,1.0,1000.0,0.30000000000000004
0.2,7,0.47992616520535303,1.0,1000.0,0.30000000000000004
0.30000000000000004,7,0.5959915611814346,1.0,1000.0,0.30000000000000004
0.4,7,0.6473846153846153,1.0,1000.0,0.30000000000000004
0.5,7,0.7259970457902511,1.0,1000.0,0.30000000000000004
0.6,7,0.7693726937269373,1.0,1000.0,0.30000000000000004
0.7000000000000001,7,0.8130381303813038,1.0,1000.0,0.30000000000000004
0.8,7,0.8413284132841329,1.0,1000.0,0.30000000000000004
0.9,7,0.8708487084870848,1.0,1000.0,0.30000000000000004
0.1,8,0.4007383100902379,1.0,1000.0,0.30000000000000004
0.2,8,0.5256114443931703,1.0,1000.0,0.30000000000000004
0.30000000000000004,8,0.5996835443037974,1.0,1000.0,0.30000000000000004
0.4,8,0.6775384615384615,1.0,1000.0,0.30000000000000004
0.5,8,0.7363367799113737,1.0,1000.0,0.30000000000000004
0.6,8,0.7841328413284133,1.0,1000.0,0.30000000000000004
0.7000000000000001,8,0.8241082410824109,1.0,1000.0,0.30000000000000004
0.8,8,0.8394833948339483,1.0,1000.0,0.30000000000000004
0.9,8,0.8560885608856088,1.0,1000.0,0.30000000000000004
0.1,9,0.37366694011484825,1.0,1000.0,0.30000000000000004
0.2,9,0.4790032302722658,1.0,1000.0,0.30000000000000004
0.30000000000000004,9,0.5659282700421941,1.0,1000.0,0.30000000000000004
0.4,9,0.6621538461538462,1.0,1000.0,0.30000000000000004
0.5,9,0.705317577548006,1.0,1000.0,0.30000000000000004
0.6,9,0.7619926199261993,1.0,1000.0,0.30000000000000004
0.7000000000000001,9,0.8019680196801968,1.0,1000.0,0.30000000000000004
0.8,9,0.8154981549815498,1.0,1000.0,0.30000000000000004
0.9,9,0.8339483394833949,1.0,1000.0,0.30000000000000004
0.1,0,0.5270713699753896,1.0,1000.0,0.5000000000000001
0.2,0,0.6746654360867559,1.0,1000.0,0.5000000000000001
0.30000000000000004,0,0.7658227848101266,1.0,1000.0,0.5000000000000001
0.4,0,0.803076923076923,1.0,1000.0,0.5000000000000001
0.5,0,0.8264401772525849,1.0,1000.0,0.5000000000000001
0.6,0,0.8376383763837638,1.0,1000.0,0.5000000000000001
0.7000000000000001,0,0.8536285362853628,1.0,1000.0,0.5000000000000001
0.8,0,0.8523985239852399,1.0,1000.0,0.5000000000000001
0.9,0,0.8634686346863468,1.0,1000.0,0.5000000000000001
0.1,1,0.48810500410172275,1.0,1000.0,0.5000000000000001
0.2,1,0.6414397784956161,1.0,1000.0,0.5000000000000001
0.30000000000000004,1,0.7289029535864979,1.0,1000.0,0.5000000000000001
0.4,1,0.7704615384615384,1.0,1000.0,0.5000000000000001
0.5,1,0.8050221565731167,1.0,1000.0,0.5000000000000001
0.6,1,0.827490774907749,1.0,1000.0,0.5000000000000001
0.7000000000000001,1,0.8511685116851169,1.0,1000.0,0.5000000000000001
0.8,1,0.8726937269372693,1.0,100.0,0.5000000000000001
0.9,1,0.8487084870848709,1.0,1000.0,0.5000000000000001
0.1,2,0.44298605414273995,1.0,1000.0,0.5000000000000001
0.2,2,0.6123673281033687,1.0,1000.0,0.5000000000000001
0.30000000000000004,2,0.7231012658227848,1.0,1000.0,0.5000000000000001
0.4,2,0.7796923076923077,1.0,1000.0,0.5000000000000001
0.5,2,0.808714918759232,1.0,1000.0,0.5000000000000001
0.6,2,0.827490774907749,1.0,1000.0,0.5000000000000001
0.7000000000000001,2,0.8400984009840098,1.0,1000.0,0.5000000000000001
0.8,2,0.8431734317343174,1.0,1000.0,0.5000000000000001
0.9,2,0.8413284132841329,1.0,1000.0,0.5000000000000001
0.1,3,0.5438884331419196,1.0,1000.0,0.5000000000000001
0.2,3,0.6612828795569913,1.0,1000.0,0.5000000000000001
0.30000000000000004,3,0.7273206751054853,1.0,1000.0,0.5000000000000001
0.4,3,0.7876923076923077,1.0,1000.0,0.5000000000000001
0.5,3,0.8116691285081241,1.0,1000.0,0.5000000000000001
0.6,3,0.8293357933579336,1.0,1000.0,0.5000000000000001
0.7000000000000001,3,0.8487084870848709,1.0,1000.0,0.5000000000000001
0.8,3,0.8542435424354243,1.0,1000.0,0.5000000000000001
0.9,3,0.8523985239852399,1.0,100.0,0.5000000000000001
0.1,4,0.49056603773584906,1.0,1000.0,0.5000000000000001
0.2,4,0.6728195662205815,1.0,1000.0,0.5000000000000001
0.30000000000000004,4,0.745253164556962,1.0,1000.0,0.5000000000000001
0.4,4,0.7993846153846154,1.0,1000.0,0.5000000000000001
0.5,4,0.8367799113737076,1.0,1000.0,0.5000000000000001
0.6,4,0.8570110701107011,1.0,1000.0,0.5000000000000001
0.7000000000000001,4,0.8868388683886839,1.0,1000.0,0.5000000000000001
0.8,4,0.9003690036900369,1.0,100.0,0.5000000000000001
0.9,4,0.915129151291513,1.0,1000.0,0.5000000000000001
0.1,5,0.5471698113207547,1.0,1000.0,0.5000000000000001
0.2,5,0.6912782648823258,1.0,1000.0,0.5000000000000001
0.30000000000000004,5,0.7341772151898734,1.0,1000.0,0.5000000000000001
0.4,5,0.7926153846153846,1.0,1000.0,0.5000000000000001
0.5,5,0.8153618906942393,1.0,1000.0,0.5000000000000001
0.6,5,0.8468634686346863,1.0,1000.0,0.5000000000000001
0.7000000000000001,5,0.8597785977859779,1.0,1000.0,0.5000000000000001
0.8,5,0.8579335793357934,1.0,1000.0,0.5000000000000001
0.9,5,0.8782287822878229,1.0,1000.0,0.5000000000000001
0.1,6,0.47908121410992616,1.0,1000.0,0.5000000000000001
0.2,6,0.6552838024919243,1.0,1000.0,0.5000000000000001
0.30000000000000004,6,0.7273206751054853,1.0,1000.0,0.5000000000000001
0.4,6,0.7913846153846154,1.0,1000.0,0.5000000000000001
0.5,6,0.8316100443131462,1.0,1000.0,0.5000000000000001
0.6,6,0.8505535055350554,1.0,1000.0,0.5000000000000001
0.7000000000000001,6,0.8597785977859779,1.0,1000.0,0.5000000000000001
0.8,6,0.8745387453874539,1.0,1000.0,0.5000000000000001
0.9,6,0.8671586715867159,1.0,100.0,0.5000000000000001
0.1,7,0.5065627563576702,1.0,1000.0,0.5000000000000001
0.2,7,0.6534379326257499,1.0,1000.0,0.5000000000000001
0.30000000000000004,7,0.7447257383966245,1.0,1000.0,0.5000000000000001
0.4,7,0.7778461538461539,1.0,1000.0,0.5000000000000001
0.5,7,0.8146233382570163,1.0,1000.0,0.5000000000000001
0.6,7,0.8219557195571956,1.0,1000.0,0.5000000000000001
0.7000000000000001,7,0.8548585485854858,1.0,1000.0,0.5000000000000001
0.8,7,0.8708487084870848,1.0,1000.0,0.5000000000000001
0.9,7,0.8819188191881919,1.0,1000.0,0.5000000000000001
0.1,8,0.5032813781788351,1.0,1000.0,0.5000000000000001
0.2,8,0.6714351638209506,1.0,1000.0,0.5000000000000001
0.30000000000000004,8,0.7447257383966245,1.0,1000.0,0.5000000000000001
0.4,8,0.7827692307692308,1.0,1000.0,0.5000000000000001
0.5,8,0.8190546528803545,1.0,1000.0,0.5000000000000001
0.6,8,0.8404059040590406,1.0,1000.0,0.5000000000000001
0.7000000000000001,8,0.8646986469864698,1.0,1000.0,0.5000000000000001
0.8,8,0.8690036900369004,1.0,1000.0,0.5000000000000001
0.9,8,0.8892988929889298,1.0,1000.0,0.5000000000000001
0.1,9,0.47949138638228056,1.0,1000.0,0.5000000000000001
0.2,9,0.6414397784956161,1.0,1000.0,0.5000000000000001
0.30000000000000004,9,0.7220464135021097,1.0,1000.0,0.5000000000000001
0.4,9,0.7833846153846153,1.0,1000.0,0.5000000000000001
0.5,9,0.7968980797636632,1.0,1000.0,0.5000000000000001
0.6,9,0.8256457564575646,1.0,1000.0,0.5000000000000001
0.7000000000000001,9,0.8462484624846248,1.0,1000.0,0.5000000000000001
0.8,9,0.8450184501845018,1.0,1000.0,0.5000000000000001
0.9,9,0.8450184501845018,1.0,1000.0,0.5000000000000001
0.1,0,0.7157506152584086,1.0,1000.0,0.7000000000000001
0.2,0,0.7932625749884633,1.0,1000.0,0.7000000000000001
0.30000000000000004,0,0.8227848101265823,1.0,1000.0,0.7000000000000001
0.4,0,0.8381538461538461,1.0,1000.0,0.7000000000000001
0.5,0,0.8463810930576071,1.0,1000.0,0.7000000000000001
0.6,0,0.8597785977859779,1.0,100.0,0.7000000000000001
0.7000000000000001,0,0.8683886838868389,1.0,100.0,0.7000000000000001
0.8,0,0.8690036900369004,0.997229916897507,10.0,0.7000000000000001
0.9,0,0.8634686346863468,0.9963069347558473,10.0,0.7000000000000001
0.1,1,0.6575061525840853,1.0,1000.0,0.7000000000000001
0.2,1,0.7591139824642362,1.0,1000.0,0.7000000000000001
0.30000000000000004,1,0.8006329113924051,1.0,1000.0,0.7000000000000001
0.4,1,0.820923076923077,1.0,1000.0,0.7000000000000001
0.5,1,0.8353028064992615,1.0,100.0,0.7000000000000001
0.6,1,0.8496309963099631,1.0,100.0,0.7000000000000001
0.7000000000000001,1,0.8622386223862238,1.0,100.0,0.7000000000000001
0.8,1,0.8874538745387454,0.9967682363804248,10.0,0.7000000000000001
0.9,1,0.8671586715867159,0.9963069347558473,10.0,0.7000000000000001
0.1,2,0.5803937653814603,1.0,1000.0,0.7000000000000001
0.2,2,0.7341947392708814,1.0,1000.0,0.7000000000000001
0.30000000000000004,2,0.7974683544303798,1.0,1000.0,0.7000000000000001
0.4,2,0.8233846153846154,1.0,1000.0,0.7000000000000001
0.5,2,0.8375184638109305,1.0,1000.0,0.7000000000000001
0.6,2,0.8376383763837638,1.0,100.0,0.7000000000000001
0.7000000000000001,2,0.8487084870848709,1.0,100.0,0.7000000000000001
0.8,2,0.8505535055350554,0.9963065558633426,10.0,0.7000000000000001
0.9,2,0.8523985239852399,0.9954862535904802,10.0,0.7000000000000001
0.1,3,0.7071369975389664,1.0,1000.0,0.7000000000000001
0.2,3,0.7720350715274573,1.0,1000.0,0.7000000000000001
0.30000000000000004,3,0.8032700421940928,1.0,1000.0,0.7000000000000001
0.4,3,0.824,1.0,1000.0,0.7000000000000001
0.5,3,0.8338257016248154,1.0,1000.0,0.7000000000000001
0.6,3,0.8422509225092251,0.999384236453202,10.0,0.7000000000000001
0.7000000000000001,3,0.8560885608856088,1.0,100.0,0.7000000000000001
0.8,3,0.8653136531365314,0.997229916897507,10.0,0.7000000000000001
0.9,3,0.8671586715867159,0.9967172753385309,10.0,0.7000000000000001
0.1,4,0.6361771944216571,1.0,1000.0,0.7000000000000001
0.2,4,0.7632671896631288,1.0,1000.0,0.7000000000000001
0.30000000000000004,4,0.8122362869198312,1.0,1000.0,0.7000000000000001
0.4,4,0.8406153846153847,1.0,1000.0,0.7000000000000001
0.5,4,0.8633677991137371,0.9977843426883308,10.0,0.7000000000000001
0.6,4,0.8754612546125461,0.9975369458128078,10.0,0.7000000000000001
0.7000000000000001,4,0.9052890528905289,0.9952506596306069,10.0,0.7000000000000001
0.8,4,0.9059040590405905,0.9958448753462604,10.0,0.7000000000000001
0.9,4,0.915129151291513,0.9958965941731637,10.0,0.7000000000000001
0.1,5,0.6817063166529943,1.0,1000.0,0.7000000000000001
0.2,5,0.7854176280572219,1.0,1000.0,0.7000000000000001
0.30000000000000004,5,0.8006329113924051,1.0,1000.0,0.7000000000000001
0.4,5,0.8326153846153846,1.0,1000.0,0.7000000000000001
0.5,5,0.8389955686853766,1.0,1000.0,0.7000000000000001
0.6,5,0.8616236162361623,1.0,100.0,0.7000000000000001
0.7000000000000001,5,0.8683886838868389,1.0,1000.0,0.7000000000000001
0.8,5,0.8634686346863468,1.0,100.0,0.7000000000000001
0.9,5,0.8782287822878229,1.0,100.0,0.7000000000000001
0.1,6,0.6419196062346185,1.0,1000.0,0.7000000000000001
0.2,6,0.7812644208583295,1.0,1000.0,0.7000000000000001
0.30000000000000004,6,0.7953586497890295,1.0,100.0,0.7000000000000001
0.4,6,0.8283076923076923,1.0,1000.0,0.7000000000000001
0.5,6,0.844903988183161,1.0,1000.0,0.7000000000000001
0.6,6,0.8533210332103321,1.0,1000.0,0.7000000000000001
0.7000000000000001,6,0.8671586715867159,0.9984168865435357,10.0,0.7000000000000001
0.8,6,0.8782287822878229,0.9967682363804248,10.0,0.7000000000000001
0.9,6,0.8671586715867159,0.9963069347558473,10.0,0.7000000000000001
0.1,7,0.6337161607875308,1.0,1000.0,0.7000000000000001
0.2,7,0.7697277341947393,1.0,1000.0,0.7000000000000001
0.30000000000000004,7,0.8212025316455697,1.0,1000.0,0.7000000000000001
0.4,7,0.8356923076923077,1.0,1000.0,0.7000000000000001
0.5,7,0.844903988183161,1.0,1000.0,0.7000000000000001
0.6,7,0.8450184501845018,1.0,100.0,0.7000000000000001
0.7000000000000001,7,0.8622386223862238,0.9984168865435357,10.0,0.7000000000000001
0.8,7,0.8819188191881919,0.9981532779316713,10.0,0.7000000000000001
0.9,7,0.8929889298892989,0.9967172753385309,10.0,0.7000000000000001
0.1,8,0.6369975389663659,1.0,1000.0,0.7000000000000001
0.2,8,0.7734194739270881,1.0,1000.0,0.7000000000000001
0.30000000000000004,8,0.8074894514767933,1.0,1000.0,0.7000000000000001
0.4,8,0.819076923076923,1.0,100.0,0.7000000000000001
0.5,8,0.8426883308714919,1.0,100.0,0.7000000000000001
0.6,8,0.8551660516605166,1.0,100.0,0.7000000000000001
0.7000000000000001,8,0.8585485854858549,0.9973614775725593,10.0,0.7000000000000001
0.8,8,0.8708487084870848,0.997229916897507,10.0,0.7000000000000001
0.9,8,0.8892988929889298,0.9963069347558473,10.0,0.7000000000000001
0.1,9,0.6394585726004922,1.0,1000.0,0.7000000000000001
0.2,9,0.7660359944623903,1.0,1000.0,0.7000000000000001
0.30000000000000004,9,0.8037974683544303,1.0,1000.0,0.7000000000000001
0.4,9,0.8276923076923077,1.0,1000.0,0.7000000000000001
0.5,9,0.8227474150664698,1.0,1000.0,0.7000000000000001
0.6,9,0.8385608856088561,1.0,100.0,0.7000000000000001
0.7000000000000001,9,0.8683886838868389,0.9973614775725593,10.0,0.7000000000000001
0.8,9,0.8671586715867159,0.997229916897507,10.0,0.7000000000000001
0.9,9,0.8560885608856088,0.9958965941731637,10.0,0.7000000000000001
0.1,0,0.805988515176374,1.0,1000.0,0.9000000000000001
0.2,0,0.8227964928472543,1.0,100.0,0.9000000000000001
0.30000000000000004,0,0.8449367088607594,0.9938423645320197,10.0,0.9000000000000001
0.4,0,0.8553846153846154,0.9916897506925207,10.0,0.9000000000000001
0.5,0,0.861890694239291,0.9867060561299852,10.0,0.9000000000000001
0.6,0,0.8634686346863468,0.9876847290640394,10.0,0.9000000000000001
0.7000000000000001,0,0.8708487084870848,0.9852242744063324,10.0,0.9000000000000001
0.8,0,0.8671586715867159,0.9847645429362881,10.0,0.9000000000000001
0.9,0,0.8671586715867159,0.9835863766926549,10.0,0.9000000000000001
0.1,1,0.7649712879409352,1.0,1000.0,0.9000000000000001
0.2,1,0.7951084448546377,1.0,10.0,0.9000000000000001
0.30000000000000004,1,0.8159282700421941,0.9975369458128078,10.0,0.9000000000000001
0.4,1,0.835076923076923,0.9935364727608494,10.0,0.9000000000000001
0.5,1,0.8426883308714919,0.9911373707533235,10.0,0.9000000000000001
0.6,1,0.8625461254612546,0.9883004926108374,10.0,0.9000000000000001
0.7000000000000001,1,0.8733087330873309,0.9868073878627969,10.0,0.9000000000000001
0.8,1,0.8911439114391144,0.9847645429362881,10.0,0.9000000000000001
0.9,1,0.8708487084870848,0.9848173984407058,10.0,0.9000000000000001
0.1,2,0.7477440525020509,1.0,1000.0,0.9000000000000001
0.2,2,0.798338717120443,1.0,1000.0,0.9000000000000001
0.30000000000000004,2,0.8259493670886076,0.9950738916256158,10.0,0.9000000000000001
0.4,2,0.84,0.9944598337950139,10.0,0.9000000000000001
0.5,2,0.8478581979320532,0.9918759231905465,10.0,0.9000000000000001
0.6,2,0.8579335793357934,0.9889162561576355,10.0,0.9000000000000001
0.7000000000000001,2,0.8646986469864698,0.987335092348285,10.0,0.9000000000000001
0.8,2,0.8616236162361623,0.9852262234533703,10.0,0.9000000000000001
0.9,2,0.8634686346863468,0.9852277390233894,10.0,0.9000000000000001
0.1,3,0.810090237899918,1.0,1000.0,0.9000000000000001
0.2,3,0.8232579603137978,1.0,1000.0,0.9000000000000001
0.30000000000000004,3,0.8333333333333334,0.9975369458128078,10.0,0.9000000000000001
0.4,3,0.8375384615384616,0.9963065558633426,10.0,0.9000000000000001
0.5,3,0.8463810930576071,0.9948301329394387,10.0,0.9000000000000001
0.6,3,0.8514760147601476,0.9932266009852216,10.0,0.9000000000000001
0.7000000000000001,3,0.8646986469864698,0.9883905013192612,10.0,0.9000000000000001
0.8,3,0.8671586715867159,0.9852262234533703,10.0,0.9000000000000001
0.9,3,0.8597785977859779,0.9831760361099713,10.0,0.9000000000000001
0.1,4,0.7645611156685808,1.0,1000.0,0.9000000000000001
0.2,4,0.8158744808491002,0.9963031423290203,10.0,0.9000000000000001
0.30000000000000004,4,0.8417721518987342,0.9926108374384236,10.0,0.9000000000000001
0.4,4,0.8553846153846154,0.9926131117266851,10.0,0.9000000000000001
0.5,4,0.8700147710487445,0.9933530280649926,10.0,0.9000000000000001
0.6,4,0.8856088560885609,0.9895320197044335,10.0,0.9000000000000001
0.7000000000000001,4,0.9052890528905289,0.9857519788918205,10.0,0.9000000000000001
0.8,4,0.9077490774907749,0.984302862419206,10.0,0.9000000000000001
0.9,4,0.922509225092251,0.9831760361099713,10.0,0.9000000000000001
0.1,5,0.7858900738310091,1.0,1000.0,0.9000000000000001
0.2,5,0.8204891555145363,1.0,100.0,0.9000000000000001
0.30000000000000004,5,0.8306962025316456,1.0,1000.0,0.9000000000000001
0.4,5,0.8510769230769231,0.9926131117266851,10.0,0.9000000000000001
0.5,5,0.8581979320531757,0.9874446085672083,10.0,0.9000000000000001
0.6,5,0.8662361623616236,0.9864532019704434,10.0,0.9000000000000001
0.7000000000000001,5,0.8769987699876999,0.9862796833773088,10.0,0.9000000000000001
0.8,5,0.8634686346863468,0.9879963065558633,10.0,0.9000000000000001
0.9,5,0.8892988929889298,0.9856380796060731,10.0,0.9000000000000001
0.1,6,0.8035274815422477,1.0,1000.0,0.9000000000000001
0.2,6,0.8214120904476234,0.9981515711645101,10.0,0.9000000000000001
0.30000000000000004,6,0.8243670886075949,1.0,100.0,0.9000000000000001
0.4,6,0.8498461538461538,0.9935364727608494,10.0,0.9000000000000001
0.5,6,0.8633677991137371,0.9918759231905465,10.0,0.9000000000000001
0.6,6,0.8671586715867159,0.9913793103448276,10.0,0.9000000000000001
0.7000000000000001,6,0.8708487084870848,0.9910290237467019,10.0,0.9000000000000001
0.8,6,0.8837638376383764,0.9861495844875346,10.0,0.9000000000000001
0.9,6,0.8708487084870848,0.9839967172753386,10.0,0.9000000000000001
0.1,7,0.765791632485644,1.0,1000.0,0.9000000000000001
0.2,7,0.8163359483156437,1.0,100.0,0.9000000000000001
0.30000000000000004,7,0.8438818565400844,0.9963054187192119,10.0,0.9000000000000001
0.4,7,0.8498461538461538,0.9935364727608494,10.0,0.9000000000000001
0.5,7,0.8537666174298375,0.9911373707533235,10.0,0.9000000000000001
0.6,7,0.8542435424354243,0.9889162561576355,10.0,0.9000000000000001
0.7000000000000001,7,0.8720787207872078,0.9883905013192612,10.0,0.9000000000000001
0.8,7,0.8837638376383764,0.9866112650046168,10.0,0.9000000000000001
0.9,7,0.8819188191881919,0.9844070578580222,10.0,0.9000000000000001
0.1,8,0.7707136997538966,1.0,1000.0,0.9000000000000001
0.2,8,0.811259806183664,1.0,100.0,0.9000000000000001
0.30000000000000004,8,0.8243670886075949,0.9963054187192119,10.0,0.9000000000000001
0.4,8,0.8326153846153846,0.9916897506925207,10.0,0.9000000000000001
0.5,8,0.8567208271787297,0.9896602658788775,10.0,0.9000000000000001
0.6,8,0.8607011070110702,0.9864532019704434,10.0,0.9000000000000001
0.7000000000000001,8,0.8757687576875769,0.9857519788918205,10.0,0.9000000000000001
0.8,8,0.8745387453874539,0.984302862419206,10.0,0.9000000000000001
0.9,8,0.8856088560885609,0.9827656955272877,10.0,0.9000000000000001
0.1,9,0.7834290401968826,1.0,1000.0,0.9000000000000001
0.2,9,0.8131056760498385,0.9981515711645101,10.0,0.9000000000000001
0.30000000000000004,9,0.8338607594936709,1.0,100.0,0.9000000000000001
0.4,9,0.8436923076923077,0.9944598337950139,10.0,0.9000000000000001
0.5,9,0.8485967503692762,0.9933530280649926,10.0,0.9000000000000001
0.6,9,0.8625461254612546,0.9901477832512315,10.0,0.9000000000000001
0.7000000000000001,9,0.8720787207872078,0.9878627968337731,10.0,0.9000000000000001
0.8,9,0.8708487084870848,0.9866112650046168,10.0,0.9000000000000001
0.9,9,0.8634686346863468,0.9860484201887567,10.0,0.9000000000000001
