ratio,run,cluster_acc,cluster_acc_train,best_C
0.1,0,0.654478362965,,
0.2,0,0.674339622642,,
0.3,0,0.682190599396,,
0.4,0,0.692655935614,,
0.5,0,0.70652173913,,
0.6,0,0.71320754717,,
0.7,0,0.704225352113,,
0.8,0,0.689291101056,,
0.9,0,0.683734939759,,
0.1,1,0.654142905065,,
0.2,1,0.664528301887,,
0.3,1,0.652005174644,,
0.4,1,0.684104627767,,
0.5,1,0.676328502415,,
0.6,1,0.685283018868,,
0.7,1,0.711267605634,,
0.8,1,0.702865761689,,
0.9,1,0.677710843373,,
0.1,2,0.642401878564,,
0.2,2,0.687924528302,,
0.3,2,0.702457956016,,
0.4,2,0.697183098592,,
0.5,2,0.701690821256,,
0.6,2,0.698867924528,,
0.7,2,0.714285714286,,
0.8,2,0.711915535445,,
0.9,2,0.713855421687,,
0.1,3,0.673934921167,,
0.2,3,0.670566037736,,
0.3,3,0.673997412678,,
0.4,3,0.684607645875,,
0.5,3,0.701086956522,,
0.6,3,0.694339622642,,
0.7,3,0.683098591549,,
0.8,3,0.686274509804,,
0.9,3,0.680722891566,,
