ratio,run,cluster_acc,cluster_acc_train,best_C
0.1,0,0.6621938946662194,0.9939577039274925,0.1
0.2,0,0.690566037735849,0.9667673716012085,0.1
0.30000000000000004,0,0.705045278137128,0.9516616314199395,0.1
0.4,0,0.7142857142857143,0.9418429003021148,0.1
0.5,0,0.7258454106280193,0.9293478260869565,0.1
0.6,0,0.7260377358490566,0.9224962254655259,0.1
0.7000000000000001,0,0.7313883299798792,0.9163071613459879,0.1
0.8,0,0.7164404223227753,0.9116647791619479,0.1
0.9,0,0.7349397590361446,0.9043624161073825,0.1
0.1,1,0.6608520630660852,0.9939577039274925,0.1
0.2,1,0.6939622641509434,0.9667673716012085,0.1
0.30000000000000004,1,0.7072013799051315,0.9486404833836858,0.1
0.4,1,0.6906438631790744,1.0,1.0
0.5,1,0.7010869565217391,0.9263285024154589,0.1
0.6,1,0.7109433962264151,0.9255158530447911,0.1
0.7000000000000001,1,0.710261569416499,0.9163071613459879,0.1
0.8,1,0.7134238310708899,0.9090222725556814,0.1
0.9,1,0.7048192771084337,0.9030201342281879,0.1
0.1,2,0.6581683998658169,0.9879154078549849,0.1
0.2,2,0.6969811320754717,0.9622356495468278,0.1
0.30000000000000004,2,0.7072013799051315,1.0,1.0
0.4,2,0.7178068410462777,0.93202416918429,0.1
0.5,2,0.7276570048309179,0.927536231884058,0.1
0.6,2,0.7267924528301887,0.9159536990437847,0.1
0.7000000000000001,2,0.7344064386317908,0.9141501294219154,0.1
0.8,2,0.7375565610859729,0.9052472631181578,0.1
0.9,2,0.7650602409638554,0.8983221476510067,0.1
0.1,3,0.6665548473666555,0.9939577039274925,0.1
0.2,3,0.6856603773584906,0.8172205438066465,0.01
0.30000000000000004,3,0.702457956015524,0.9506545820745217,0.1
0.4,3,0.6991951710261569,0.7938066465256798,0.01
0.5,3,0.7101449275362319,0.9251207729468599,0.1
0.6,3,0.7116981132075472,0.9199798691494716,0.1
0.7000000000000001,3,0.7203219315895373,0.917169974115617,0.1
0.8,3,0.7134238310708899,0.9071347678369196,0.1
0.9,3,0.7198795180722891,0.8996644295302013,0.1
0.1,4,0.6645420999664542,0.9818731117824774,0.1
0.2,4,0.689811320754717,0.9637462235649547,0.1
0.30000000000000004,4,0.6985769728331177,0.9476334340382678,0.1
0.4,4,0.716297786720322,0.9358006042296072,0.1
0.5,4,0.7258454106280193,0.9233091787439613,0.1
0.6,4,0.720754716981132,0.9179667840966281,0.1
0.7000000000000001,4,0.7283702213279678,0.909404659188956,0.1
0.8,4,0.746606334841629,0.9056247640619102,0.1
0.9,4,0.7680722891566265,0.9030201342281879,0.1
0.1,5,0.6648775578664877,0.9969788519637462,0.1
0.2,5,0.6886792452830188,0.9697885196374623,0.1
0.30000000000000004,5,0.6821905993962915,0.7995971802618328,0.01
0.4,5,0.6961770623742455,0.9984894259818731,1.0
0.5,5,0.7179951690821256,0.9317632850241546,0.1
0.6,5,0.720754716981132,0.9199798691494716,0.1
0.7000000000000001,5,0.7203219315895373,0.9154443485763589,0.1
0.8,5,0.7254901960784313,0.9052472631181578,0.1
0.9,5,0.7228915662650602,0.9030201342281879,0.1
0.1,6,0.6692385105669238,0.9939577039274925,0.1
0.2,6,0.6969811320754717,0.9622356495468278,0.1
0.30000000000000004,6,0.7020267356619232,0.9536757301107754,0.1
0.4,6,0.7107645875251509,0.9410876132930514,0.1
0.5,6,0.7101449275362319,0.9347826086956522,0.1
0.6,6,0.7215094339622642,0.9285354806240563,0.1
0.7000000000000001,6,0.716297786720322,0.9193270060396894,0.1
0.8,6,0.7088989441930619,0.9112872782181956,0.1
0.9,6,0.7319277108433735,0.9003355704697986,0.1
0.1,7,0.6514592418651459,1.0,1.0
0.2,7,0.6867924528301886,0.9637462235649547,0.1
0.30000000000000004,7,0.7097887020267356,0.945619335347432,0.1
0.4,7,0.7092555331991952,0.9350453172205438,0.1
0.5,7,0.7246376811594203,0.928743961352657,0.1
0.6,7,0.7358490566037735,0.9214896829391042,0.1
0.7000000000000001,7,0.7344064386317908,0.9124245038826575,0.1
0.8,7,0.7345399698340875,0.9075122687806719,0.1
0.9,7,0.7590361445783133,0.9030201342281879,0.1
0.1,8,0.6712512579671251,1.0,1.0
0.2,8,0.6913207547169812,0.972809667673716,0.1
0.30000000000000004,8,0.7011642949547219,1.0,1.0
0.4,8,0.721830985915493,0.9410876132930514,0.1
0.5,8,0.7198067632850241,1.0,1.0
0.6,8,0.7283018867924528,0.9240060392551586,0.1
0.7000000000000001,8,0.7243460764587525,0.9158757549611735,0.1
0.8,8,0.751131221719457,0.9056247640619102,0.1
0.9,8,0.7349397590361446,0.9030201342281879,0.1
0.1,9,0.6652130157665213,0.9879154078549849,0.1
0.2,9,0.6879245283018868,0.972809667673716,0.1
0.30000000000000004,9,0.6977145321259164,0.9546827794561934,0.1
0.4,9,0.7032193158953722,0.9418429003021148,0.1
0.5,9,0.7065217391304348,0.9323671497584541,0.1
0.6,9,0.7132075471698113,0.9224962254655259,0.1
0.7000000000000001,9,0.7233400402414487,0.9184641932700603,0.1
0.8,9,0.7149321266968326,0.9109097772744432,0.1
0.9,9,0.7409638554216867,0.8993288590604027,0.1
