ratio,run,cluster_acc,cluster_acc_train,best_C
0.1,0,0.6776249580677625,0.9818731117824774,0.1
0.2,0,0.7052830188679245,0.9531722054380665,0.1
0.30000000000000004,0,0.7421302285467875,0.9405840886203424,0.1
0.4,0,0.7424547283702213,0.9335347432024169,0.1
0.5,0,0.7530193236714976,0.9257246376811594,0.1
0.6,0,0.7630188679245283,0.9159536990437847,0.1
0.7000000000000001,0,0.7746478873239436,0.9150129421915444,0.1
0.8,0,0.7767722473604827,0.9075122687806719,0.1
0.9,0,0.8042168674698795,0.9,0.1
0.1,1,0.6819859107681986,0.9848942598187311,0.1
0.2,1,0.7150943396226415,0.9577039274924471,0.1
0.30000000000000004,1,0.7244501940491591,0.945619335347432,0.1
0.4,1,0.7404426559356136,0.9388217522658611,0.1
0.5,1,0.7415458937198067,0.9239130434782609,0.1
0.6,1,0.7509433962264151,0.9164569703069955,0.1
0.7000000000000001,1,0.755533199195171,0.9115616911130284,0.1
0.8,1,0.7601809954751131,0.8112495281238203,0.01
0.9,1,0.7740963855421686,0.8073825503355705,0.01
0.1,2,0.6749412948674941,1.0,1.0
0.2,2,0.7264150943396226,0.9577039274924471,0.1
0.30000000000000004,2,0.7460112117291936,0.9506545820745217,0.1
0.4,2,0.7505030181086519,0.9395770392749244,0.1
0.5,2,0.7614734299516909,0.9305555555555556,0.1
0.6,2,0.7690566037735849,0.9149471565173629,0.1
0.7000000000000001,2,0.7665995975855131,0.910267471958585,0.1
0.8,2,0.7692307692307693,0.9078897697244243,0.1
0.9,2,0.786144578313253,0.9040268456375838,0.1
0.1,3,0.6947333109694733,0.9788519637462235,0.1
0.2,3,0.6822641509433962,0.7900302114803626,0.01
0.30000000000000004,3,0.7270375161707633,0.945619335347432,0.1
0.4,3,0.7434607645875252,0.9395770392749244,0.1
0.5,3,0.7590579710144928,0.9281400966183575,0.1
0.6,3,0.7547169811320755,0.9219929542023151,0.1
0.7000000000000001,3,0.7414486921529175,0.8032786885245902,0.01
0.8,3,0.7601809954751131,0.9116647791619479,0.1
0.9,3,0.7379518072289156,0.8063758389261745,0.01
0.1,4,0.6933914793693392,0.9818731117824774,0.1
0.2,4,0.710566037735849,0.9622356495468278,0.1
0.30000000000000004,4,0.7339370418283743,0.9405840886203424,0.1
0.4,4,0.7494969818913481,0.925226586102719,0.1
0.5,4,0.7614734299516909,0.9178743961352657,0.1
0.6,4,0.7683018867924528,0.7961751383995974,0.01
0.7000000000000001,4,0.7686116700201208,0.7963761863675582,0.01
0.8,4,0.7858220211161387,0.7950169875424689,0.01
0.9,4,0.786144578313253,0.8010067114093959,0.01
0.1,5,0.6923851056692385,0.9879154078549849,0.1
0.2,5,0.7071698113207547,0.9637462235649547,0.1
0.30000000000000004,5,0.7235877533419578,0.94662638469285,0.1
0.4,5,0.7142857142857143,0.9977341389728097,1.0
0.5,5,0.7361111111111112,0.9208937198067633,0.1
0.6,5,0.7494339622641509,0.9174635128334172,0.1
0.7000000000000001,5,0.7565392354124748,0.9072476272648835,0.1
0.8,5,0.7601809954751131,0.9071347678369196,0.1
0.9,5,0.7771084337349398,0.7996644295302013,0.01
0.1,6,0.6635357262663536,0.972809667673716,0.1
0.2,6,0.7101886792452831,0.9395770392749244,0.1
0.30000000000000004,6,0.7179818887451488,0.9365558912386707,0.1
0.4,6,0.7248490945674044,0.9290030211480362,0.1
0.5,6,0.7427536231884058,0.9233091787439613,0.1
0.6,6,0.7554716981132076,0.9114242576748868,0.1
0.7000000000000001,6,0.7525150905432596,0.911130284728214,0.1
0.8,6,0.751131221719457,0.9116647791619479,0.1
0.9,6,0.7710843373493976,0.9057046979865772,0.1
0.1,7,0.6782958738678296,0.9879154078549849,0.1
0.2,7,0.7150943396226415,0.9637462235649547,0.1
0.30000000000000004,7,0.7300560586459681,0.9496475327291037,0.1
0.4,7,0.7404426559356136,0.9327794561933535,0.1
0.5,7,0.7518115942028986,0.9305555555555556,0.1
0.6,7,0.7569811320754717,0.9204831404126824,0.1
0.7000000000000001,7,0.7696177062374245,0.908541846419327,0.1
0.8,7,0.7631975867269984,0.8018120045300113,0.01
0.9,7,0.7710843373493976,0.8026845637583893,0.01
0.1,8,0.6907078161690707,1.0,1.0
0.2,8,0.7226415094339622,0.9577039274924471,0.1
0.30000000000000004,8,0.735661923242777,0.94662638469285,0.1
0.4,8,0.7510060362173038,0.9290030211480362,0.1
0.5,8,0.7506038647342995,0.9190821256038647,0.1
0.6,8,0.7690566037735849,0.910417715148465,0.1
0.7000000000000001,8,0.7736418511066399,0.908541846419327,0.1
0.8,8,0.770739064856712,0.9007172517931294,0.1
0.9,8,0.7560240963855421,0.8996644295302013,0.1
0.1,9,0.6645420999664542,0.851963746223565,0.01
0.2,9,0.7147169811320755,0.9607250755287009,0.1
0.30000000000000004,9,0.7326433807675722,0.9476334340382678,0.1
0.4,9,0.7349094567404426,0.9388217522658611,0.1
0.5,9,0.7355072463768116,0.9335748792270532,0.1
0.6,9,0.7479245283018868,0.9219929542023151,0.1
0.7000000000000001,9,0.7525150905432596,0.909404659188956,0.1
0.8,9,0.755656108597285,0.9116647791619479,0.1
0.9,9,0.7831325301204819,0.7976510067114094,0.01
