ratio,run,cluster_acc,cluster_acc_train,best_C,n_cluster
0.1,0,0.3208681135225376,0.31626506024096385,0.001,2
0.2,0,0.32381667918858004,0.3067669172932331,0.001,2
0.30000000000000004,0,0.32288535852297123,0.31462925851703405,0.001,2
0.4,0,0.32799198798197293,0.3090225563909774,0.001,2
0.5,0,0.3269230769230769,0.3138905592303067,0.001,2
0.6,0,0.33658903080390684,0.3096192384769539,0.001,2
0.7000000000000001,0,0.3233233233233233,0.31915807560137455,0.001,2
0.8,0,0.33633633633633636,0.31642239759488916,0.001,2
0.9,0,0.34534534534534533,0.31763527054108215,0.001,2
0.1,1,0.32287145242070114,0.29819277108433734,0.1,2
0.2,1,0.32607062359128475,0.29774436090225564,0.1,2
0.30000000000000004,1,0.33061399742378705,0.2965931863727455,0.01,2
0.4,1,0.3259889834752128,0.31203007518796994,0.01,2
0.5,1,0.32752403846153844,0.3132892363199038,0.001,2
0.6,1,0.3245679939894816,0.31763527054108215,0.001,2
0.7000000000000001,1,0.31931931931931934,0.32087628865979384,0.001,2
0.8,1,0.32732732732732733,0.3186771890266817,0.001,2
0.9,1,0.2972972972972973,0.3229792919171677,0.001,2
0.1,2,0.26510851419031717,0.2891566265060241,0.1,2
0.2,2,0.3275732531930879,0.29172932330827067,1.0,2
0.30000000000000004,2,0.32803778445684845,0.3026052104208417,0.1,2
0.4,2,0.3269904857285929,0.3105263157894737,0.1,2
0.5,2,0.3245192307692308,0.3162958508719182,0.001,2
0.6,2,0.3245679939894816,0.31763527054108215,0.001,2
0.7000000000000001,2,0.3253253253253253,0.31829896907216493,0.001,2
0.8,2,0.33783783783783783,0.3160465990229237,0.001,2
0.9,2,0.32732732732732733,0.3196392785571142,0.001,2
0.1,3,0.31853088480801334,0.3373493975903614,0.001,2
0.2,3,0.3136739293764087,0.3473684210526316,0.001,2
0.30000000000000004,3,0.31172176899957066,0.3406813627254509,0.001,2
0.4,3,0.3154732098147221,0.32781954887218046,0.001,2
0.5,3,0.31850961538461536,0.3223090799759471,0.001,2
0.6,3,0.32156273478587527,0.3196392785571142,0.001,2
0.7000000000000001,3,0.3303303303303303,0.3161512027491409,0.001,2
0.8,3,0.34234234234234234,0.31491920330702744,0.001,2
0.9,3,0.36936936936936937,0.3149632598530394,0.001,2
0.1,4,0.2784641068447412,0.3132530120481928,0.01,2
0.2,4,0.32381667918858004,0.3067669172932331,0.001,2
0.30000000000000004,4,0.3310433662516101,0.2955911823647295,0.001,2
0.4,4,0.33800701051577364,0.293984962406015,0.1,2
0.5,4,0.3347355769230769,0.30607336139506913,0.001,2
0.6,4,0.33658903080390684,0.3096192384769539,0.001,2
0.7000000000000001,4,0.34134134134134136,0.311426116838488,0.001,2
0.8,4,0.34984984984984985,0.3130402104472003,0.001,2
0.9,4,0.3333333333333333,0.31897127588510354,0.001,2
0.1,5,0.3218697829716194,0.3072289156626506,0.1,2
0.2,5,0.3196844477836213,0.3233082706766917,0.001,2
0.30000000000000004,5,0.3194504079003864,0.3226452905811623,0.001,2
0.4,5,0.3259889834752128,0.31203007518796994,0.001,2
0.5,5,0.33653846153846156,0.3042693926638605,0.01,2
0.6,5,0.3418482344102179,0.3061122244488978,0.001,2
0.7000000000000001,5,0.33933933933933935,0.3122852233676976,0.001,2
0.8,5,0.33783783783783783,0.3160465990229237,0.001,2
0.9,5,0.3483483483483483,0.31730126920507684,0.001,2
0.1,6,0.20701168614357263,0.24397590361445784,0.001,2
0.2,6,0.3253193087903832,0.3007518796992481,0.1,2
0.30000000000000004,6,0.32460283383426364,0.3106212424849699,0.01,2
0.4,6,0.328492739108663,0.3082706766917293,0.001,2
0.5,6,0.33052884615384615,0.31028262176788934,0.001,2
0.6,6,0.3253193087903832,0.31713426853707416,0.001,2
0.7000000000000001,6,0.33433433433433435,0.31443298969072164,0.001,2
0.8,6,0.33783783783783783,0.3160465990229237,0.001,2
0.9,6,0.3633633633633634,0.3156312625250501,0.001,2
0.1,7,0.32120200333889815,0.3132530120481928,0.1,2
0.2,7,0.32494365138993236,0.3022556390977444,0.001,2
0.30000000000000004,7,0.32245598969514816,0.3156312625250501,0.001,2
0.4,7,0.33199799699549326,0.3030075187969925,0.001,2
0.5,7,0.33353365384615385,0.30727600721587495,0.001,2
0.6,7,0.3395942900075131,0.3076152304609218,0.001,2
0.7000000000000001,7,0.32932932932932935,0.3165807560137457,0.001,2
0.8,7,0.3213213213213213,0.3201803833145434,0.001,2
0.9,7,0.33933933933933935,0.3183032732130929,0.001,2
0.1,8,0.3208681135225376,0.31626506024096385,0.1,2
0.2,8,0.3219383921863261,0.3142857142857143,0.01,2
0.30000000000000004,8,0.32159725203950196,0.31763527054108215,0.001,2
0.4,8,0.3214822233350025,0.318796992481203,0.001,2
0.5,8,0.3245192307692308,0.3162958508719182,0.001,2
0.6,8,0.3170548459804658,0.3226452905811623,0.001,2
0.7000000000000001,8,0.3133133133133133,0.3234536082474227,0.001,2
0.8,8,0.3183183183183183,0.32093198045847426,0.001,2
0.9,8,0.3063063063063063,0.32197728790915164,0.001,2
0.1,9,0.27779632721202,0.3313253012048193,0.001,2
0.2,9,0.318557475582269,0.32781954887218046,0.1,2
0.30000000000000004,9,0.31902103907256335,0.32364729458917835,0.1,2
0.4,9,0.3154732098147221,0.32781954887218046,0.001,2
0.5,9,0.32091346153846156,0.3199037883343355,0.001,2
0.6,9,0.32607062359128475,0.3166332665330661,0.001,2
0.7000000000000001,9,0.3263263263263263,0.3178694158075601,0.001,2
0.8,9,0.33483483483483484,0.31679819616685456,0.001,2
0.9,9,0.3183183183183183,0.32064128256513025,0.001,2
0.1,0,0.41803005008347244,0.4186746987951807,0.001,4
0.2,0,0.41697971450037563,0.42255639097744363,0.001,4
0.30000000000000004,0,0.41391155002146846,0.4278557114228457,0.001,4
0.4,0,0.4131196795192789,0.4255639097744361,0.001,4
0.5,0,0.4074519230769231,0.428743235117258,0.001,4
0.6,0,0.41622839969947406,0.4193386773547094,0.001,4
0.7000000000000001,0,0.40540540540540543,0.42353951890034364,0.001,4
0.8,0,0.3978978978978979,0.4231491920330703,0.001,4
0.9,0,0.42042042042042044,0.41783567134268534,0.001,4
0.1,1,0.41535893155258763,0.4427710843373494,0.001,4
0.2,1,0.4143501126972201,0.4330827067669173,0.001,4
0.30000000000000004,1,0.41305281236582225,0.42985971943887774,0.001,4
0.4,1,0.4101151727591387,0.43007518796992483,0.001,4
0.5,1,0.41225961538461536,0.4239326518340349,0.001,4
0.6,1,0.4184823441021788,0.41783567134268534,0.001,4
0.7000000000000001,1,0.4074074074074074,0.422680412371134,0.001,4
0.8,1,0.4084084084084084,0.4205186020293123,0.001,4
0.9,1,0.39039039039039036,0.4211756847027388,0.001,4
0.1,2,0.42337228714524205,0.3704819277108434,0.1,4
0.2,2,0.4259954921111946,0.38646616541353385,0.001,4
0.30000000000000004,2,0.42378703306139975,0.40480961923847697,0.001,4
0.4,2,0.4166249374061092,0.42030075187969923,0.001,4
0.5,2,0.4152644230769231,0.42092603728202044,0.001,4
0.6,2,0.41622839969947406,0.4193386773547094,0.001,4
0.7000000000000001,2,0.4144144144144144,0.41967353951890035,0.001,4
0.8,2,0.4369369369369369,0.4133784291619692,0.001,4
0.9,2,0.42342342342342343,0.41750167000668004,0.001,4
0.1,3,0.4203672787979967,0.39759036144578314,0.01,4
0.2,3,0.4188580015026296,0.4150375939849624,0.001,4
0.30000000000000004,3,0.41391155002146846,0.4278557114228457,0.001,4
0.4,3,0.4166249374061092,0.42030075187969923,0.001,4
0.5,3,0.41947115384615385,0.4167167769092002,0.001,4
0.6,3,0.42073628850488354,0.4163326653306613,0.001,4
0.7000000000000001,3,0.42242242242242245,0.4162371134020619,0.001,4
0.8,3,0.42342342342342343,0.41676061630965805,0.001,4
0.9,3,0.44744744744744747,0.4148296593186373,0.001,4
0.1,4,0.4220367278797997,0.3825301204819277,0.1,4
0.2,4,0.42449286250939144,0.3924812030075188,0.001,4
0.30000000000000004,4,0.42636324602833836,0.39879759519038077,0.001,4
0.4,4,0.4266399599399099,0.4052631578947368,0.001,4
0.5,4,0.42367788461538464,0.41250751653638,0.001,4
0.6,4,0.425244177310293,0.4133266533066132,0.001,4
0.7000000000000001,4,0.4294294294294294,0.41323024054982815,0.001,4
0.8,4,0.43843843843843844,0.41300263059000375,0.001,4
0.9,4,0.4084084084084084,0.41917167668670674,0.001,4
0.1,5,0.4203672787979967,0.39759036144578314,0.001,4
0.2,5,0.42336589030803906,0.3969924812030075,0.001,4
0.30000000000000004,5,0.42121082009446115,0.41082164328657317,0.001,4
0.4,5,0.42513770655983973,0.4075187969924812,0.001,4
0.5,5,0.4308894230769231,0.4052916416115454,0.001,4
0.6,5,0.4297520661157025,0.4103206412825651,0.001,4
0.7000000000000001,5,0.42742742742742745,0.41408934707903783,0.001,4
0.8,5,0.4294294294294294,0.41525742202179633,0.001,4
0.9,5,0.45045045045045046,0.41449565798263194,0.001,4
0.1,6,0.41903171953255425,0.40963855421686746,0.1,4
0.2,6,0.42073628850488354,0.4075187969924812,0.001,4
0.30000000000000004,6,0.420781451266638,0.4118236472945892,0.001,4
0.4,6,0.42363545317976964,0.40977443609022557,0.001,4
0.5,6,0.4182692307692308,0.41791942273000604,0.001,4
0.6,6,0.4132231404958678,0.4213426853707415,0.001,4
0.7000000000000001,6,0.4194194194194194,0.4175257731958763,0.001,4
0.8,6,0.4189189189189189,0.4178880120255543,0.001,4
0.9,6,0.4264264264264264,0.4171676686706747,0.001,4
0.1,7,0.405008347245409,0.43373493975903615,0.01,4
0.2,7,0.4060856498873028,0.4150375939849624,0.01,4
0.30000000000000004,7,0.41562902533276086,0.42384769539078154,0.001,4
0.4,7,0.41912869303955935,0.41654135338345866,0.001,4
0.5,7,0.42788461538461536,0.40829825616355986,0.001,4
0.6,7,0.4274981217129977,0.4118236472945892,0.001,4
0.7000000000000001,7,0.43043043043043044,0.41280068728522334,0.001,4
0.8,7,0.4144144144144144,0.4190154077414506,0.001,4
0.9,7,0.43543543543543545,0.41616566466265864,0.001,4
0.1,8,0.40534223706176964,0.4307228915662651,0.1,4
0.2,8,0.4166040570999249,0.42406015037593986,0.001,4
0.30000000000000004,8,0.4117647058823529,0.43286573146292584,0.001,4
0.4,8,0.41061592388582874,0.4293233082706767,0.001,4
0.5,8,0.421875,0.4143114852675887,0.001,4
0.6,8,0.4184823441021788,0.41783567134268534,0.001,4
0.7000000000000001,8,0.41041041041041043,0.4213917525773196,0.001,4
0.8,8,0.42042042042042044,0.41751221345358885,0.001,4
0.9,8,0.3993993993993994,0.4201736806947228,0.001,4
0.1,9,0.4160267111853089,0.4367469879518072,0.001,4
0.2,9,0.41397445529676935,0.4345864661654135,0.001,4
0.30000000000000004,9,0.41691713181623014,0.42084168336673344,0.001,4
0.4,9,0.414121181772659,0.42406015037593986,0.001,4
0.5,9,0.41586538461538464,0.42032471437161756,0.001,4
0.6,9,0.41998497370398197,0.4168336673346693,0.001,4
0.7000000000000001,9,0.42742742742742745,0.41408934707903783,0.001,4
0.8,9,0.4339339339339339,0.4141300263059,0.001,4
0.9,9,0.4294294294294294,0.4168336673346693,0.001,4
0.1,0,0.45642737896494157,0.5180722891566265,0.1,8
0.2,0,0.45755071374906087,0.4917293233082707,1.0,8
0.30000000000000004,0,0.45813653928724773,0.4789579158316633,1000.0,8
0.4,0,0.4541812719078618,0.47969924812030074,0.1,8
0.5,0,0.45072115384615385,0.4744437763078773,0.1,8
0.6,0,0.4598046581517656,0.4749498997995992,0.1,8
0.7000000000000001,0,0.4394394394394394,0.4725085910652921,0.01,8
0.8,0,0.44744744744744747,0.4742577978203683,0.1,8
0.9,0,0.4744744744744745,0.4682698730794923,0.1,8
0.1,1,0.4447412353923205,0.48493975903614456,0.1,8
0.2,1,0.4417731029301277,0.46766917293233085,0.01,8
0.30000000000000004,1,0.46328896522112495,0.4819639278557114,1.0,8
0.4,1,0.46619929894842266,0.47293233082706765,1.0,8
0.5,1,0.46694711538461536,0.47083583884546,1.0,8
0.6,1,0.4552967693463561,0.4779559118236473,0.1,8
0.7000000000000001,1,0.45045045045045046,0.47680412371134023,0.01,8
0.8,1,0.44894894894894893,0.47388199924840285,0.1,8
0.9,1,0.45645645645645644,0.47027388109552437,0.01,8
0.1,2,0.4557595993322204,0.4578313253012048,0.01,8
0.2,2,0.4496619083395943,0.48120300751879697,0.001,8
0.30000000000000004,2,0.46758265349935596,0.47194388777555113,100.0,8
0.4,2,0.4626940410615924,0.4781954887218045,1.0,8
0.5,2,0.4573317307692308,0.48045700541190617,0.01,8
0.6,2,0.4567993989481593,0.47695390781563124,0.01,8
0.7000000000000001,2,0.45645645645645644,0.4742268041237113,0.01,8
0.8,2,0.45795795795795796,0.47162720781661027,0.01,8
0.9,2,0.43843843843843844,0.47227788911155644,0.01,8
0.1,3,0.4607679465776294,0.4789156626506024,0.01,8
0.2,3,0.46656649135987976,0.4781954887218045,0.1,8
0.30000000000000004,3,0.46414770287677115,0.47995991983967934,1.0,8
0.4,3,0.47020530796194293,0.46691729323308273,0.1,8
0.5,3,0.4573317307692308,0.4678292242934456,0.01,8
0.6,3,0.4560480841472577,0.46693386773547096,0.01,8
0.7000000000000001,3,0.46346346346346345,0.47121993127147765,0.1,8
0.8,3,0.4744744744744745,0.4674934235249906,0.1,8
0.9,3,0.4864864864864865,0.46693386773547096,0.1,8
0.1,4,0.44874791318864776,0.44879518072289154,0.01,8
0.2,4,0.451915852742299,0.4270676691729323,0.001,8
0.30000000000000004,4,0.48303993130098755,0.43587174348697394,0.1,8
0.4,4,0.4877315973960941,0.4406015037593985,100.0,8
0.5,4,0.4873798076923077,0.45039085989176186,1.0,8
0.6,4,0.48534936138241924,0.4473947895791583,0.01,8
0.7000000000000001,4,0.5025025025025025,0.45446735395189003,0.1,8
0.8,4,0.49099099099099097,0.455467869222097,0.01,8
0.9,4,0.5105105105105106,0.4642618570474282,0.1,8
0.1,5,0.44741235392320533,0.4427710843373494,0.001,8
0.2,5,0.4729526671675432,0.45263157894736844,0.1,8
0.30000000000000004,5,0.46629454701588663,0.45390781563126253,0.01,8
0.4,5,0.4672008012018027,0.4556390977443609,0.01,8
0.5,5,0.48377403846153844,0.4539987973541792,0.1,8
0.6,5,0.47483095416979715,0.4649298597194389,0.1,8
0.7000000000000001,5,0.46546546546546547,0.47036082474226804,0.1,8
0.8,5,0.44294294294294295,0.47538519353626457,0.1,8
0.9,5,0.45045045045045046,0.4709418837675351,0.1,8
0.1,6,0.4691151919866444,0.46686746987951805,1.0,8
0.2,6,0.47445529676934634,0.44661654135338347,1000.0,8
0.30000000000000004,6,0.47574066122799485,0.4529058116232465,0.1,8
0.4,6,0.4742113169754632,0.46090225563909776,0.1,8
0.5,6,0.4723557692307692,0.465423932651834,0.1,8
0.6,6,0.47032306536438767,0.467935871743487,0.1,8
0.7000000000000001,6,0.47147147147147145,0.4677835051546392,0.1,8
0.8,6,0.47897897897897895,0.4663660278090943,0.1,8
0.9,6,0.4804804804804805,0.46760187040748163,0.1,8
0.1,7,0.43639398998330553,0.4759036144578313,1.0,8
0.2,7,0.4691960931630353,0.46766917293233085,0.1,8
0.30000000000000004,7,0.46930012881064836,0.467935871743487,10.0,8
0.4,7,0.46970455683525286,0.46766917293233085,0.01,8
0.5,7,0.4723557692307692,0.465423932651834,0.01,8
0.6,7,0.4635612321562735,0.4724448897795591,0.01,8
0.7000000000000001,7,0.46146146146146144,0.4720790378006873,0.01,8
0.8,7,0.47297297297297297,0.46786922209695603,0.1,8
0.9,7,0.4594594594594595,0.46993987975951906,0.1,8
0.1,8,0.4657762938230384,0.49698795180722893,10.0,8
0.2,8,0.4673178061607814,0.47518796992481205,1.0,8
0.30000000000000004,8,0.45727780163160153,0.48096192384769537,1.0,8
0.4,8,0.4506760140210315,0.4849624060150376,1.0,8
0.5,8,0.4519230769230769,0.4768490679494889,0.1,8
0.6,8,0.4552967693463561,0.47044088176352705,0.1,8
0.7000000000000001,8,0.46646646646646645,0.4699312714776632,0.1,8
0.8,8,0.46846846846846846,0.4689966178128523,0.1,8
0.9,8,0.47147147147147145,0.46860387441549767,0.1,8
0.1,9,0.4464106844741235,0.45180722891566266,0.1,8
0.2,9,0.4417731029301277,0.46766917293233085,0.01,8
0.30000000000000004,9,0.46028338342636327,0.467935871743487,0.1,8
0.4,9,0.45768652979469204,0.4699248120300752,0.1,8
0.5,9,0.46153846153846156,0.4672279013830427,1000.0,8
0.6,9,0.47483095416979715,0.4649298597194389,0.1,8
0.7000000000000001,9,0.48848848848848847,0.46048109965635736,1.0,8
0.8,9,0.4984984984984985,0.4614806463735438,0.1,8
0.9,9,0.4924924924924925,0.46626586506346024,0.1,8
0.1,0,0.47378964941569285,0.5150602409638554,0.1,16
0.2,0,0.47370398196844477,0.5052631578947369,0.1,16
0.30000000000000004,0,0.47960498067840274,0.5120240480961924,1.0,16
0.4,0,0.48172258387581374,0.5007518796992482,0.1,16
0.5,0,0.47596153846153844,0.502705953096813,1.0,16
0.6,0,0.4793388429752066,0.4964929859719439,0.1,16
0.7000000000000001,0,0.4794794794794795,0.49699312714776633,0.1,16
0.8,0,0.481981981981982,0.4968057121382939,0.1,16
0.9,0,0.4954954954954955,0.49365397461589844,10.0,16
0.1,1,0.4751252086811352,0.5030120481927711,0.1,16
0.2,1,0.47107438016528924,0.5052631578947369,0.1,16
0.30000000000000004,1,0.4826105624731645,0.5130260521042084,1.0,16
0.4,1,0.48272408612919376,0.5105263157894737,1.0,16
0.5,1,0.48377403846153844,0.5039085989176187,0.1,16
0.6,1,0.48084147257700977,0.5025050100200401,0.1,16
0.7000000000000001,1,0.46346346346346345,0.5064432989690721,0.1,16
0.8,1,0.4744744744744745,0.4983089064261556,10.0,16
0.9,1,0.45345345345345345,0.4983299933199733,0.1,16
0.1,2,0.44173622704507515,0.49698795180722893,100.0,16
0.2,2,0.48534936138241924,0.4917293233082707,0.1,16
0.30000000000000004,2,0.48690425075139543,0.49298597194388777,0.1,16
0.4,2,0.47921882824236356,0.5030075187969925,0.1,16
0.5,2,0.47415865384615385,0.5033072760072159,0.01,16
0.6,2,0.46806912096168296,0.5025050100200401,0.01,16
0.7000000000000001,2,0.4694694694694695,0.5042955326460481,1.0,16
0.8,2,0.4744744744744745,0.49492671927846676,0.01,16
0.9,2,0.4744744744744745,0.4956579826319305,0.1,16
0.1,3,0.4671118530884808,0.5030120481927711,0.01,16
0.2,3,0.47708489857250186,0.48120300751879697,0.01,16
0.30000000000000004,3,0.47187634177758697,0.49198396793587174,0.01,16
0.4,3,0.4872308462694041,0.49097744360902257,0.01,16
0.5,3,0.49278846153846156,0.49488875526157544,0.1,16
0.6,3,0.4898572501878287,0.49298597194388777,1.0,16
0.7000000000000001,3,0.5035035035035035,0.4896907216494845,1.0,16
0.8,3,0.496996996996997,0.48665915069522736,0.01,16
0.9,3,0.4954954954954955,0.4879759519038076,0.01,16
0.1,4,0.48714524207011684,0.5030120481927711,10.0,16
0.2,4,0.47483095416979715,0.4496240601503759,0.01,16
0.30000000000000004,4,0.47874624302275653,0.4649298597194389,0.1,16
0.4,4,0.5047571357035553,0.4714285714285714,1.0,16
0.5,4,0.49939903846153844,0.47805171377029465,0.1,16
0.6,4,0.4906085649887303,0.469438877755511,0.01,16
0.7000000000000001,4,0.5185185185185185,0.4802405498281787,0.1,16
0.8,4,0.5435435435435435,0.48102217211574594,1.0,16
0.9,4,0.5315315315315315,0.489311957247829,1.0,16
0.1,5,0.48313856427378965,0.4879518072289157,0.1,16
0.2,5,0.49173553719008267,0.4766917293233083,0.01,16
0.30000000000000004,5,0.49248604551309577,0.47995991983967934,0.01,16
0.4,5,0.486229344016024,0.4924812030075188,0.01,16
0.5,5,0.4933894230769231,0.4840649428743235,0.01,16
0.6,5,0.492862509391435,0.48597194388777554,0.01,16
0.7000000000000001,5,0.4914914914914915,0.49054982817869414,100.0,16
0.8,5,0.487987987987988,0.48891394212701994,0.01,16
0.9,5,0.4864864864864865,0.48897795591182364,0.01,16
0.1,6,0.48647746243739565,0.5,1.0,16
0.2,6,0.4902329075882795,0.4781954887218045,0.1,16
0.30000000000000004,6,0.49935594675826533,0.4709418837675351,0.1,16
0.4,6,0.5037556334501753,0.4714285714285714,0.1,16
0.5,6,0.48377403846153844,0.48286229705351774,1000.0,16
0.6,6,0.4973703981968445,0.4909819639278557,1.0,16
0.7000000000000001,6,0.5075075075075075,0.48754295532646047,0.1,16
0.8,6,0.509009009009009,0.48966553927095074,1.0,16
0.9,6,0.4924924924924925,0.49365397461589844,1.0,16
0.1,7,0.4497495826377296,0.5030120481927711,1.0,16
0.2,7,0.48797896318557477,0.4917293233082707,0.1,16
0.30000000000000004,7,0.47316444826105625,0.48897795591182364,0.01,16
0.4,7,0.49424136204306457,0.4932330827067669,1.0,16
0.5,7,0.4987980769230769,0.4882742032471437,1.0,16
0.6,7,0.4996243425995492,0.4894789579158317,1.0,16
0.7000000000000001,7,0.5075075075075075,0.48754295532646047,1.0,16
0.8,7,0.5015015015015015,0.4919203307027433,0.1,16
0.9,7,0.4774774774774775,0.48997995991983967,0.01,16
0.1,8,0.47111853088480804,0.5240963855421686,1000.0,16
0.2,8,0.4883546205860255,0.5052631578947369,0.1,16
0.30000000000000004,8,0.47917561185057966,0.5120240480961924,1.0,16
0.4,8,0.46920380570856285,0.5097744360902255,10.0,16
0.5,8,0.4807692307692308,0.49669272399278414,0.01,16
0.6,8,0.48084147257700977,0.49799599198396793,1.0,16
0.7000000000000001,8,0.48348348348348347,0.49828178694158076,0.1,16
0.8,8,0.5,0.4922961292747088,0.1,16
0.9,8,0.4744744744744745,0.49031396125584503,0.01,16
0.1,9,0.4667779632721202,0.5271084337349398,0.1,16
0.2,9,0.4417731029301277,0.49624060150375937,0.01,16
0.30000000000000004,9,0.4860455130957492,0.5050100200400801,0.1,16
0.4,9,0.4882323485227842,0.49699248120300754,1000.0,16
0.5,9,0.48978365384615385,0.4936861094407697,0.1,16
0.6,9,0.4868519909842224,0.49498997995991983,0.1,16
0.7000000000000001,9,0.4954954954954955,0.48582474226804123,0.01,16
0.8,9,0.5105105105105106,0.48665915069522736,0.1,16
0.9,9,0.5165165165165165,0.48563794255177023,0.01,16
0.1,0,0.5045075125208681,0.5783132530120482,1000.0,32
0.2,0,0.5108940646130729,0.5578947368421052,1.0,32
0.30000000000000004,0,0.506225848003435,0.5470941883767535,0.1,32
0.4,0,0.513770655983976,0.5398496240601504,0.1,32
0.5,0,0.5090144230769231,0.539386650631389,0.1,32
0.6,0,0.5093914350112697,0.5355711422845691,1.0,32
0.7000000000000001,0,0.5015015015015015,0.5352233676975945,1.0,32
0.8,0,0.503003003003003,0.5291243893273205,0.1,32
0.9,0,0.5435435435435435,0.5237140948563794,1.0,32
0.1,1,0.48347245409015027,0.5632530120481928,1.0,32
0.2,1,0.5033809166040571,0.5383458646616541,0.1,32
0.30000000000000004,1,0.5109489051094891,0.5460921843687375,0.1,32
0.4,1,0.5122684026039058,0.5375939849624061,1.0,32
0.5,1,0.5066105769230769,0.5375826819001804,1.0,32
0.6,1,0.5116453794139745,0.5305611222444889,100.0,32
0.7000000000000001,1,0.5105105105105106,0.5283505154639175,1.0,32
0.8,1,0.5255255255255256,0.5257422021796317,0.1,32
0.9,1,0.5195195195195195,0.5220440881763527,0.01,32
0.1,2,0.45208681135225376,0.5753012048192772,10.0,32
0.2,2,0.5067618332081142,0.5398496240601504,1.0,32
0.30000000000000004,2,0.5182481751824818,0.5320641282565131,0.1,32
0.4,2,0.5092638958437656,0.5421052631578948,0.1,32
0.5,2,0.5006009615384616,0.5405892964521948,0.1,32
0.6,2,0.5101427498121713,0.5350701402805611,1.0,32
0.7000000000000001,2,0.5025025025025025,0.5322164948453608,0.1,32
0.8,2,0.5135135135135135,0.5238632093198046,0.01,32
0.9,2,0.4984984984984985,0.5243820975283902,0.01,32
0.1,3,0.5015025041736227,0.5481927710843374,1.0,32
0.2,3,0.49474079639368895,0.5338345864661654,0.1,32
0.30000000000000004,3,0.5130957492486046,0.5410821643286573,1.0,32
0.4,3,0.514772158237356,0.531578947368421,1.0,32
0.5,3,0.5192307692307693,0.5267588695129285,0.1,32
0.6,3,0.5199098422238918,0.5250501002004008,0.1,32
0.7000000000000001,3,0.5165165165165165,0.5257731958762887,1.0,32
0.8,3,0.5165165165165165,0.5264937993235626,1.0,32
0.9,3,0.5435435435435435,0.5230460921843687,1.0,32
0.1,4,0.49248747913188645,0.5210843373493976,10.0,32
0.2,4,0.5037565740045079,0.49022556390977445,10.0,32
0.30000000000000004,4,0.5349935594675826,0.49799599198396793,0.1,32
0.4,4,0.5327991987981973,0.5067669172932331,0.1,32
0.5,4,0.5246394230769231,0.5165363800360794,1000.0,32
0.6,4,0.5236664162283997,0.5185370741482966,1000.0,32
0.7000000000000001,4,0.5425425425425425,0.5150343642611683,0.1,32
0.8,4,0.5630630630630631,0.5163472378804961,0.1,32
0.9,4,0.5315315315315315,0.5243820975283902,1.0,32
0.1,5,0.5135225375626044,0.5481927710843374,10.0,32
0.2,5,0.5078888054094666,0.5172932330827068,0.1,32
0.30000000000000004,5,0.5251180764276514,0.5140280561122245,0.1,32
0.4,5,0.5207811717576365,0.5218045112781955,0.1,32
0.5,5,0.5330528846153846,0.5141310883944679,1.0,32
0.6,5,0.526671675432006,0.5215430861723447,1.0,32
0.7000000000000001,5,0.5185185185185185,0.5223367697594502,0.1,32
0.8,5,0.5180180180180181,0.5249906050357008,0.1,32
0.9,5,0.4984984984984985,0.5243820975283902,0.01,32
0.1,6,0.510517529215359,0.5572289156626506,1.0,32
0.2,6,0.5150262960180315,0.5293233082706766,10.0,32
0.30000000000000004,6,0.5083726921425504,0.5350701402805611,0.1,32
0.4,6,0.5097646469704556,0.5300751879699248,0.1,32
0.5,6,0.5096153846153846,0.5303668069753458,0.1,32
0.6,6,0.4966190833959429,0.5365731462925851,0.1,32
0.7000000000000001,6,0.5025025025025025,0.5309278350515464,0.1,32
0.8,6,0.5255255255255256,0.5231116121758738,0.1,32
0.9,6,0.5255255255255256,0.5240480961923848,0.1,32
0.1,7,0.4657762938230384,0.5331325301204819,0.1,32
0.2,7,0.5161532682193839,0.5142857142857142,0.1,32
0.30000000000000004,7,0.5113782739373122,0.5350701402805611,0.1,32
0.4,7,0.5212819228843265,0.5195488721804511,0.1,32
0.5,7,0.5222355769230769,0.5195429945880938,0.1,32
0.6,7,0.5289256198347108,0.5155310621242485,0.1,32
0.7000000000000001,7,0.5385385385385385,0.5176116838487973,0.1,32
0.8,7,0.545045045045045,0.5208568207440811,1.0,32
0.9,7,0.5645645645645646,0.521376085504342,1.0,32
0.1,8,0.4928213689482471,0.5753012048192772,100.0,32
0.2,8,0.5033809166040571,0.5458646616541354,100.0,32
0.30000000000000004,8,0.5143838557320739,0.5450901803607214,0.1,32
0.4,8,0.5042563845768653,0.5533834586466165,1.0,32
0.5,8,0.5018028846153846,0.5441972339146122,1.0,32
0.6,8,0.5018782870022539,0.5370741482965932,1000.0,32
0.7000000000000001,8,0.5015015015015015,0.5330756013745704,0.1,32
0.8,8,0.5135135135135135,0.5261180007515971,0.1,32
0.9,8,0.5015015015015015,0.5283901135604543,0.1,32
0.1,9,0.4464106844741235,0.5240963855421686,0.1,32
0.2,9,0.4988730277986476,0.544360902255639,1.0,32
0.30000000000000004,9,0.5156719622155431,0.533066132264529,100.0,32
0.4,9,0.5052578868302454,0.5278195488721804,1.0,32
0.5,9,0.5174278846153846,0.5279615153337343,10.0,32
0.6,9,0.5236664162283997,0.5260521042084169,0.1,32
0.7000000000000001,9,0.5245245245245245,0.5236254295532646,1000.0,32
0.8,9,0.5465465465465466,0.5193536264562195,1.0,32
0.9,9,0.5435435435435435,0.5233800935203741,0.1,32
0.1,0,0.4691151919866444,0.6054216867469879,10.0,64
0.2,0,0.5093914350112697,0.5714285714285714,1.0,64
0.30000000000000004,0,0.5088020609703735,0.5651302605210421,1.0,64
0.4,0,0.514271407110666,0.5556390977443609,1.0,64
0.5,0,0.5096153846153846,0.539987973541792,0.1,64
0.6,0,0.512396694214876,0.5475951903807615,1.0,64
0.7000000000000001,0,0.5305305305305306,0.5420962199312714,1.0,64
0.8,0,0.53003003003003,0.5310033821871477,0.1,64
0.9,0,0.5735735735735735,0.5347361389445557,1.0,64
0.1,1,0.4721202003338898,0.6024096385542169,1.0,64
0.2,1,0.5180315552216379,0.5654135338345865,1.0,64
0.30000000000000004,1,0.5100901674538428,0.5791583166332666,10.0,64
0.4,1,0.5112669003505258,0.5571428571428572,1.0,64
0.5,1,0.5132211538461539,0.5490078171978352,1000.0,64
0.6,1,0.5154019534184824,0.5480961923847696,0.1,64
0.7000000000000001,1,0.5095095095095095,0.5446735395189003,0.1,64
0.8,1,0.515015015015015,0.5407741450582488,0.1,64
0.9,1,0.5135135135135135,0.5414161656646627,1000.0,64
0.1,2,0.4437395659432387,0.6355421686746988,1.0,64
0.2,2,0.4872276483846732,0.562406015037594,0.1,64
0.30000000000000004,2,0.501932159725204,0.5681362725450901,1.0,64
0.4,2,0.5012518778167251,0.5586466165413534,0.1,64
0.5,2,0.49459134615384615,0.5622369212266988,0.1,64
0.6,2,0.48910593538692715,0.5541082164328658,0.1,64
0.7000000000000001,2,0.5055055055055055,0.5459621993127147,0.1,64
0.8,2,0.5105105105105106,0.5419015407741451,0.1,64
0.9,2,0.5135135135135135,0.5407481629926519,10.0,64
0.1,3,0.4651085141903172,0.608433734939759,1.0,64
0.2,3,0.5045078888054094,0.5714285714285714,1.0,64
0.30000000000000004,3,0.5070845856590811,0.5691382765531062,1000.0,64
0.4,3,0.5037556334501753,0.5488721804511278,0.1,64
0.5,3,0.5126201923076923,0.5417919422730006,0.1,64
0.6,3,0.5274229902329076,0.5385771543086172,1000.0,64
0.7000000000000001,3,0.5255255255255256,0.5322164948453608,0.1,64
0.8,3,0.539039039039039,0.5355129650507328,1.0,64
0.9,3,0.5555555555555556,0.5337341349365398,0.1,64
0.1,4,0.48113522537562603,0.5632530120481928,1.0,64
0.2,4,0.49248685199098424,0.524812030075188,1.0,64
0.30000000000000004,4,0.5088020609703735,0.5190380761523046,1000.0,64
0.4,4,0.5192789183775663,0.5105263157894737,0.1,64
0.5,4,0.53125,0.523752254960914,1000.0,64
0.6,4,0.5386927122464312,0.5250501002004008,0.1,64
0.7000000000000001,4,0.5425425425425425,0.5219072164948454,0.1,64
0.8,4,0.5765765765765766,0.521608417888012,0.1,64
0.9,4,0.5765765765765766,0.5260521042084169,0.1,64
0.1,5,0.4691151919866444,0.5813253012048193,1.0,64
0.2,5,0.4939894815927874,0.5368421052631579,1000.0,64
0.30000000000000004,5,0.5079433233147274,0.5240480961923848,0.1,64
0.4,5,0.514772158237356,0.5353383458646617,1.0,64
0.5,5,0.5180288461538461,0.533974744437763,0.1,64
0.6,5,0.512396694214876,0.5410821643286573,1.0,64
0.7000000000000001,5,0.5205205205205206,0.5416666666666666,0.1,64
0.8,5,0.512012012012012,0.5419015407741451,1.0,64
0.9,5,0.5165165165165165,0.5407481629926519,1.0,64
0.1,6,0.4647746243739566,0.5783132530120482,1.0,64
0.2,6,0.49211119459053343,0.5609022556390978,10.0,64
0.30000000000000004,6,0.5070845856590811,0.5501002004008017,1.0,64
0.4,6,0.4987481221832749,0.5503759398496241,100.0,64
0.5,6,0.5132211538461539,0.539386650631389,10.0,64
0.6,6,0.5041322314049587,0.5470941883767535,1.0,64
0.7000000000000001,6,0.5175175175175175,0.5352233676975945,0.1,64
0.8,6,0.5315315315315315,0.5381435550544907,1.0,64
0.9,6,0.5195195195195195,0.5357381429525718,0.1,64
0.1,7,0.4377295492487479,0.6054216867469879,1.0,64
0.2,7,0.5135236664162284,0.5533834586466165,100.0,64
0.30000000000000004,7,0.506655216831258,0.56312625250501,1.0,64
0.4,7,0.5157736604907361,0.5518796992481203,100.0,64
0.5,7,0.5090144230769231,0.5460012026458209,1.0,64
0.6,7,0.5236664162283997,0.5405811623246493,1000.0,64
0.7000000000000001,7,0.5335335335335335,0.5356529209621993,1.0,64
0.8,7,0.539039039039039,0.5366403607666291,1.0,64
0.9,7,0.5435435435435435,0.5370741482965932,1.0,64
0.1,8,0.4741235392320534,0.5813253012048193,100.0,64
0.2,8,0.4996243425995492,0.5684210526315789,1.0,64
0.30000000000000004,8,0.4942035208243882,0.5681362725450901,1000.0,64
0.4,8,0.49374061091637456,0.5631578947368421,0.1,64
0.5,8,0.49759615384615385,0.5520144317498497,0.1,64
0.6,8,0.5116453794139745,0.5430861723446894,0.1,64
0.7000000000000001,8,0.5105105105105106,0.5382302405498282,0.1,64
0.8,8,0.5255255255255256,0.5340097707628711,0.1,64
0.9,8,0.5135135135135135,0.5384101536406145,0.1,64
0.1,9,0.47111853088480804,0.5963855421686747,10.0,64
0.2,9,0.5105184072126221,0.5654135338345865,1000.0,64
0.30000000000000004,9,0.5130957492486046,0.5501002004008017,1.0,64
0.4,9,0.5122684026039058,0.5571428571428572,1000.0,64
0.5,9,0.5144230769230769,0.5496091401082381,0.1,64
0.6,9,0.5131480090157776,0.5480961923847696,100.0,64
0.7000000000000001,9,0.5275275275275275,0.5369415807560137,0.1,64
0.8,9,0.536036036036036,0.5381435550544907,1.0,64
0.9,9,0.5345345345345346,0.5384101536406145,1.0,64
0.1,0,0.47378964941569285,0.6897590361445783,1.0,128
0.2,0,0.512396694214876,0.649624060150376,1.0,128
0.30000000000000004,0,0.5191069128381279,0.62625250501002,100.0,128
0.4,0,0.5207811717576365,0.6075187969924812,100.0,128
0.5,0,0.5168269230769231,0.5995189416716777,100.0,128
0.6,0,0.5206611570247934,0.5966933867735471,100.0,128
0.7000000000000001,0,0.5125125125125125,0.593213058419244,10.0,128
0.8,0,0.5315315315315315,0.5858699736941,100.0,128
0.9,0,0.5585585585585585,0.5784903139612558,10.0,128
0.1,1,0.4404006677796327,0.677710843373494,10.0,128
0.2,1,0.5078888054094666,0.6270676691729323,1.0,128
0.30000000000000004,1,0.5135251180764276,0.6162324649298597,1.0,128
0.4,1,0.5408112168252378,0.6007518796992481,1.0,128
0.5,1,0.5384615384615384,0.5904990980156344,1000.0,128
0.6,1,0.5326821938392187,0.5906813627254509,1.0,128
0.7000000000000001,1,0.5315315315315315,0.5880584192439863,10.0,128
0.8,1,0.5405405405405406,0.5839909808342728,1.0,128
0.9,1,0.5255255255255256,0.58249832999332,1.0,128
0.1,2,0.466110183639399,0.7018072289156626,1000.0,128
0.2,2,0.5041322314049587,0.6451127819548872,10.0,128
0.30000000000000004,2,0.5328467153284672,0.6192384769539078,10.0,128
0.4,2,0.513770655983976,0.6210526315789474,1.0,128
0.5,2,0.5210336538461539,0.6121467227901383,1.0,128
0.6,2,0.521412471825695,0.6012024048096193,1.0,128
0.7000000000000001,2,0.5155155155155156,0.5945017182130584,1000.0,128
0.8,2,0.524024024024024,0.5858699736941,1.0,128
0.9,2,0.5135135135135135,0.5778223112892451,0.1,128
0.1,3,0.43639398998330553,0.6596385542168675,0.1,128
0.2,3,0.49248685199098424,0.631578947368421,1.0,128
0.30000000000000004,3,0.4967797337913267,0.6232464929859719,10.0,128
0.4,3,0.5418127190786179,0.5969924812030075,1.0,128
0.5,3,0.5342548076923077,0.5730607336139507,0.1,128
0.6,3,0.5424492862509391,0.5801603206412825,100.0,128
0.7000000000000001,3,0.5545545545545546,0.5803264604810997,1.0,128
0.8,3,0.5690690690690691,0.5764750093949643,100.0,128
0.9,3,0.5525525525525525,0.5731462925851704,0.1,128
0.1,4,0.45475792988313857,0.6807228915662651,1.0,128
0.2,4,0.4973703981968445,0.5924812030075188,1.0,128
0.30000000000000004,4,0.5165306998711894,0.5781563126252505,1.0,128
0.4,4,0.5378067100650976,0.5744360902255639,1.0,128
0.5,4,0.53125,0.5760673481659652,1.0,128
0.6,4,0.5447032306536439,0.5706412825651302,1.0,128
0.7000000000000001,4,0.5635635635635635,0.5648625429553265,0.1,128
0.8,4,0.5795795795795796,0.5678316422397595,1000.0,128
0.9,4,0.6036036036036037,0.5637942551770208,0.1,128
0.1,5,0.47545909849749585,0.6596385542168675,1.0,128
0.2,5,0.5112697220135237,0.6240601503759399,1000.0,128
0.30000000000000004,5,0.5302705023615285,0.6032064128256514,1.0,128
0.4,5,0.5277916875312969,0.5924812030075188,1000.0,128
0.5,5,0.5324519230769231,0.5826819001803969,100.0,128
0.6,5,0.5424492862509391,0.5811623246492986,10.0,128
0.7000000000000001,5,0.5415415415415415,0.5824742268041238,100.0,128
0.8,5,0.5405405405405406,0.5824877865464111,1000.0,128
0.9,5,0.5345345345345346,0.5771543086172345,0.1,128
0.1,6,0.41903171953255425,0.6475903614457831,1.0,128
0.2,6,0.5240420736288505,0.6090225563909775,1.0,128
0.30000000000000004,6,0.5251180764276514,0.6082164328657315,1000.0,128
0.4,6,0.528292438657987,0.6022556390977444,1.0,128
0.5,6,0.5420673076923077,0.5929043896572459,1000.0,128
0.6,6,0.5341848234410218,0.594689378757515,1.0,128
0.7000000000000001,6,0.5335335335335335,0.586340206185567,1000.0,128
0.8,6,0.551051051051051,0.5791055993987223,10.0,128
0.9,6,0.5675675675675675,0.5774883099532399,1.0,128
0.1,7,0.41769616026711187,0.6716867469879518,10.0,128
0.2,7,0.48910593538692715,0.6090225563909775,1.0,128
0.30000000000000004,7,0.5182481751824818,0.6062124248496994,1.0,128
0.4,7,0.5157736604907361,0.5947368421052631,1.0,128
0.5,7,0.5168269230769231,0.5604329524954901,0.1,128
0.6,7,0.5439519158527423,0.5856713426853707,1000.0,128
0.7000000000000001,7,0.5345345345345346,0.5846219931271478,10.0,128
0.8,7,0.5540540540540541,0.5787298008267568,1000.0,128
0.9,7,0.5795795795795796,0.5764863059452238,10.0,128
0.1,8,0.45976627712854756,0.6957831325301205,10.0,128
0.2,8,0.5112697220135237,0.6511278195488722,1.0,128
0.30000000000000004,8,0.5306998711893517,0.6282565130260521,10.0,128
0.4,8,0.528793189784677,0.6203007518796992,10.0,128
0.5,8,0.5300480769230769,0.6001202645820806,10.0,128
0.6,8,0.5259203606311045,0.594689378757515,1.0,128
0.7000000000000001,8,0.5145145145145145,0.5927835051546392,100.0,128
0.8,8,0.5405405405405406,0.5836151822623074,100.0,128
0.9,8,0.5135135135135135,0.5838343353373413,10.0,128
0.1,9,0.4340567612687813,0.677710843373494,1.0,128
0.2,9,0.4898572501878287,0.6330827067669172,1000.0,128
0.30000000000000004,9,0.5186775440103049,0.6062124248496994,1.0,128
0.4,9,0.528793189784677,0.6037593984962406,10.0,128
0.5,9,0.5210336538461539,0.597714972940469,1.0,128
0.6,9,0.531930879038317,0.5811623246492986,0.1,128
0.7000000000000001,9,0.5395395395395396,0.584192439862543,10.0,128
0.8,9,0.551051051051051,0.5798571965426531,1000.0,128
0.9,9,0.5615615615615616,0.5791583166332666,1.0,128
0.1,0,0.44407345575959933,0.8192771084337349,10.0,256
0.2,0,0.5187828700225394,0.7398496240601504,1000.0,256
0.30000000000000004,0,0.541004723057106,0.7014028056112225,10.0,256
0.4,0,0.5498247371056585,0.6849624060150376,10.0,256
0.5,0,0.5594951923076923,0.6728803367408298,1000.0,256
0.6,0,0.560480841472577,0.6663326653306614,10.0,256
0.7000000000000001,0,0.5655655655655656,0.6563573883161512,10.0,256
0.8,0,0.5705705705705706,0.6471251409244645,10.0,256
0.9,0,0.5975975975975976,0.6399465597862392,1.0,256
0.1,1,0.39666110183639397,0.8102409638554217,10.0,256
0.2,1,0.49173553719008267,0.7293233082706767,10.0,256
0.30000000000000004,1,0.5392872477458136,0.6983967935871743,1000.0,256
0.4,1,0.5543314972458688,0.6849624060150376,1000.0,256
0.5,1,0.5631009615384616,0.666867107636801,1.0,256
0.6,1,0.5529676934635612,0.6628256513026052,10.0,256
0.7000000000000001,1,0.5605605605605606,0.6559278350515464,100.0,256
0.8,1,0.5780780780780781,0.6444945509207065,100.0,256
0.9,1,0.5795795795795796,0.6422845691382766,10.0,256
0.1,2,0.393322203672788,0.8343373493975904,10.0,256
0.2,2,0.5003756574004508,0.7578947368421053,1000.0,256
0.30000000000000004,2,0.5358522971232289,0.7104208416833667,1.0,256
0.4,2,0.5493239859789685,0.6962406015037594,10.0,256
0.5,2,0.5570913461538461,0.6758869512928443,1.0,256
0.6,2,0.5507137490608565,0.6633266533066132,1000.0,256
0.7000000000000001,2,0.5615615615615616,0.6516323024054983,1000.0,256
0.8,2,0.5570570570570571,0.6497557309282225,100.0,256
0.9,2,0.5375375375375375,0.6459585838343354,100.0,256
0.1,3,0.4290484140233723,0.822289156626506,10.0,256
0.2,3,0.49924868519909843,0.7428571428571429,10.0,256
0.30000000000000004,3,0.5414340918849292,0.7044088176352705,1000.0,256
0.4,3,0.557336004006009,0.6781954887218045,10.0,256
0.5,3,0.5793269230769231,0.6584485868911606,100.0,256
0.6,3,0.5762584522915102,0.6497995991983968,1.0,256
0.7000000000000001,3,0.5865865865865866,0.6464776632302406,1.0,256
0.8,3,0.5885885885885885,0.6426155580608793,100.0,256
0.9,3,0.5825825825825826,0.6402805611222445,1000.0,256
0.1,4,0.41068447412353926,0.7590361445783133,1.0,256
0.2,4,0.512396694214876,0.6992481203007519,1000.0,256
0.30000000000000004,4,0.5444396736796908,0.6703406813627254,100.0,256
0.4,4,0.5673510265398097,0.6616541353383458,10.0,256
0.5,4,0.5817307692307693,0.6500300661455202,10.0,256
0.6,4,0.5882794891059354,0.6432865731462926,100.0,256
0.7000000000000001,4,0.6006006006006006,0.6378865979381443,1000.0,256
0.8,4,0.6246246246246246,0.6347237880496054,1000.0,256
0.9,4,0.6336336336336337,0.636940547762191,1.0,256
0.1,5,0.4333889816360601,0.7771084337349398,1.0,256
0.2,5,0.4973703981968445,0.7037593984962406,1000.0,256
0.30000000000000004,5,0.5208243881494203,0.685370741482966,1000.0,256
0.4,5,0.5458187280921382,0.6714285714285714,10.0,256
0.5,5,0.5787259615384616,0.6530366806975346,1000.0,256
0.6,5,0.5762584522915102,0.6457915831663327,1.0,256
0.7000000000000001,5,0.5845845845845846,0.6451890034364262,1000.0,256
0.8,5,0.5945945945945946,0.6426155580608793,1.0,256
0.9,5,0.5615615615615616,0.6432865731462926,1.0,256
0.1,6,0.3946577629382304,0.7740963855421686,1.0,256
0.2,6,0.5082644628099173,0.7097744360902256,1000.0,256
0.30000000000000004,6,0.5538857878917991,0.6893787575150301,10.0,256
0.4,6,0.5523284927391087,0.6766917293233082,1.0,256
0.5,6,0.5733173076923077,0.6554419723391461,1.0,256
0.6,6,0.5777610818933133,0.6513026052104208,10.0,256
0.7000000000000001,6,0.5885885885885885,0.645618556701031,100.0,256
0.8,6,0.5840840840840841,0.6433671552048102,1.0,256
0.9,6,0.5915915915915916,0.6409485637942551,1000.0,256
0.1,7,0.41936560934891487,0.7801204819277109,1.0,256
0.2,7,0.5184072126220887,0.7112781954887218,10.0,256
0.30000000000000004,7,0.5341348218119365,0.6823647294589178,1.0,256
0.4,7,0.5443164747120681,0.6736842105263158,10.0,256
0.5,7,0.5691105769230769,0.6584485868911606,10.0,256
0.6,7,0.5845229151014275,0.6508016032064128,10.0,256
0.7000000000000001,7,0.5795795795795796,0.6469072164948454,1000.0,256
0.8,7,0.5855855855855856,0.6414881623449831,1000.0,256
0.9,7,0.6066066066066066,0.6389445557782231,1000.0,256
0.1,8,0.4170283806343906,0.8042168674698795,1.0,256
0.2,8,0.5007513148009016,0.7443609022556391,1.0,256
0.30000000000000004,8,0.5431515671962216,0.7064128256513026,1.0,256
0.4,8,0.5413119679519279,0.6879699248120301,1.0,256
0.5,8,0.5588942307692307,0.672279013830427,1000.0,256
0.6,8,0.5679939894815927,0.6618236472945892,100.0,256
0.7000000000000001,8,0.5625625625625625,0.6572164948453608,1.0,256
0.8,8,0.5765765765765766,0.6490041337842917,1000.0,256
0.9,8,0.5675675675675675,0.6439545758183033,1000.0,256
0.1,9,0.4090150250417362,0.7831325301204819,1.0,256
0.2,9,0.4962434259954921,0.7323308270676692,1.0,256
0.30000000000000004,9,0.5371404036066981,0.6963927855711423,1.0,256
0.4,9,0.5398097145718578,0.6789473684210526,1.0,256
0.5,9,0.546875,0.666867107636801,1.0,256
0.6,9,0.5537190082644629,0.6528056112224448,1000.0,256
0.7000000000000001,9,0.5655655655655656,0.6464776632302406,1.0,256
0.8,9,0.5870870870870871,0.644118752348741,1000.0,256
0.9,9,0.6096096096096096,0.6382765531062125,1.0,256
0.1,0,0.3686143572621035,0.8765060240963856,10.0,512
0.2,0,0.4695717505634861,0.8360902255639098,10.0,512
0.30000000000000004,0,0.5186775440103049,0.7935871743486974,1000.0,512
0.4,0,0.558337506259389,0.7661654135338346,1.0,512
0.5,0,0.5703125,0.745640408899579,10.0,512
0.6,0,0.560480841472577,0.7404809619238477,1.0,512
0.7000000000000001,0,0.5815815815815816,0.7285223367697594,10.0,512
0.8,0,0.6006006006006006,0.7162720781661029,1.0,512
0.9,0,0.6456456456456456,0.7060788243152972,1.0,512
0.1,1,0.34824707846410685,0.8283132530120482,1.0,512
0.2,1,0.43275732531930877,0.8300751879699249,10.0,512
0.30000000000000004,1,0.5221124946328897,0.7975951903807615,10.0,512
0.4,1,0.542313470205308,0.7669172932330827,1000.0,512
0.5,1,0.5775240384615384,0.7396271797955503,10.0,512
0.6,1,0.5837716003005259,0.7314629258517034,10.0,512
0.7000000000000001,1,0.6016016016016016,0.7237972508591065,1.0,512
0.8,1,0.6141141141141141,0.7158962795941376,1.0,512
0.9,1,0.6096096096096096,0.7094188376753507,1.0,512
0.1,2,0.3398998330550918,0.9096385542168675,1000.0,512
0.2,2,0.4763335837716003,0.8616541353383459,10.0,512
0.30000000000000004,2,0.5392872477458136,0.8186372745490982,1000.0,512
0.4,2,0.5513269904857286,0.7864661654135339,10.0,512
0.5,2,0.5787259615384616,0.751052315093205,1.0,512
0.6,2,0.5882794891059354,0.7334669338677354,1.0,512
0.7000000000000001,2,0.5875875875875876,0.7225085910652921,1.0,512
0.8,2,0.5975975975975976,0.7143930853062759,1.0,512
0.9,2,0.6006006006006006,0.7077488309953239,1.0,512
0.1,3,0.3679465776293823,0.8885542168674698,100.0,512
0.2,3,0.4526671675432006,0.806015037593985,1.0,512
0.30000000000000004,3,0.5225418634607127,0.7845691382765531,1.0,512
0.4,3,0.5558337506259389,0.7578947368421053,1.0,512
0.5,3,0.5871394230769231,0.7390258568851473,1.0,512
0.6,3,0.6070623591284748,0.7329659318637275,100.0,512
0.7000000000000001,3,0.6026026026026026,0.7268041237113402,1.0,512
0.8,3,0.6141141141141141,0.7155204810221721,1.0,512
0.9,3,0.6336336336336337,0.7080828323313293,1.0,512
0.1,4,0.34757929883138566,0.8825301204819277,1.0,512
0.2,4,0.4380165289256198,0.8195488721804511,10.0,512
0.30000000000000004,4,0.5186775440103049,0.7775551102204409,100.0,512
0.4,4,0.543314972458688,0.7488721804511278,1.0,512
0.5,4,0.5805288461538461,0.7372218881539386,10.0,512
0.6,4,0.5957926371149511,0.7219438877755511,1.0,512
0.7000000000000001,4,0.6246246246246246,0.7104810996563574,1.0,512
0.8,4,0.6426426426426426,0.703870725291244,1.0,512
0.9,4,0.6546546546546547,0.7044088176352705,1.0,512
0.1,5,0.35425709515859766,0.8644578313253012,1.0,512
0.2,5,0.4402704733283246,0.7879699248120301,1.0,512
0.30000000000000004,5,0.5182481751824818,0.7685370741482966,1.0,512
0.4,5,0.5453179769654481,0.7518796992481203,1000.0,512
0.5,5,0.5685096153846154,0.7312086590499098,1.0,512
0.6,5,0.5912847483095417,0.7209418837675351,1.0,512
0.7000000000000001,5,0.6046046046046046,0.7169243986254296,1.0,512
0.8,5,0.6216216216216216,0.7121382938744832,1.0,512
0.9,5,0.6186186186186187,0.7074148296593187,1.0,512
0.1,6,0.35358931552587647,0.8403614457831325,1.0,512
0.2,6,0.4650638617580766,0.7954887218045112,1.0,512
0.30000000000000004,6,0.5302705023615285,0.7895791583166333,10.0,512
0.4,6,0.5513269904857286,0.7669172932330827,10.0,512
0.5,6,0.5769230769230769,0.7414311485267588,1000.0,512
0.6,6,0.5882794891059354,0.7324649298597194,1000.0,512
0.7000000000000001,6,0.6166166166166166,0.7177835051546392,1.0,512
0.8,6,0.6291291291291291,0.713641488162345,1.0,512
0.9,6,0.6156156156156156,0.7080828323313293,1.0,512
0.1,7,0.3425709515859766,0.8614457831325302,1.0,512
0.2,7,0.4522915101427498,0.8270676691729323,100.0,512
0.30000000000000004,7,0.5118076427651352,0.7915831663326653,10.0,512
0.4,7,0.5698547821732599,0.7398496240601504,1.0,512
0.5,7,0.5655048076923077,0.740829825616356,1000.0,512
0.6,7,0.5867768595041323,0.7249498997995992,1.0,512
0.7000000000000001,7,0.5985985985985987,0.718213058419244,10.0,512
0.8,7,0.6081081081081081,0.7128898910184142,1.0,512
0.9,7,0.6456456456456456,0.7057448229792919,1.0,512
0.1,8,0.3712854757929883,0.9156626506024096,10.0,512
0.2,8,0.4470323065364388,0.8270676691729323,1.0,512
0.30000000000000004,8,0.51524259338772,0.7935871743486974,1.0,512
0.4,8,0.5488232348522785,0.7691729323308271,1.0,512
0.5,8,0.5691105769230769,0.7420324714371618,1.0,512
0.6,8,0.5875281743050338,0.7309619238476954,1.0,512
0.7000000000000001,8,0.5705705705705706,0.7289518900343642,1.0,512
0.8,8,0.5930930930930931,0.7185268695978956,1.0,512
0.9,8,0.5825825825825826,0.7110888443553774,1.0,512
0.1,9,0.35525876460767947,0.8734939759036144,100.0,512
0.2,9,0.47145003756574005,0.7984962406015037,1.0,512
0.30000000000000004,9,0.5264061829111206,0.7695390781563126,1.0,512
0.4,9,0.5633450175262894,0.7699248120300752,1000.0,512
0.5,9,0.5907451923076923,0.7504509921828022,100.0,512
0.6,9,0.6003005259203607,0.7324649298597194,1.0,512
0.7000000000000001,9,0.6166166166166166,0.7207903780068728,10.0,512
0.8,9,0.6231231231231231,0.7132656895903795,1.0,512
0.9,9,0.6186186186186187,0.7077488309953239,1.0,512
0.1,0,0.31686143572621034,0.963855421686747,10.0,1024
0.2,0,0.3993238166791886,0.9368421052631579,10.0,1024
0.30000000000000004,0,0.4834693001288107,0.9078156312625251,10.0,1024
0.4,0,0.528292438657987,0.8819548872180452,10.0,1024
0.5,0,0.5576923076923077,0.8544798556825015,10.0,1024
0.6,0,0.5792637114951165,0.8451903807615231,10.0,1024
0.7000000000000001,0,0.6136136136136137,0.8273195876288659,1000.0,1024
0.8,0,0.6366366366366366,0.8181134911687336,10.0,1024
0.9,0,0.6576576576576577,0.8079492317969272,10.0,1024
0.1,1,0.3005008347245409,0.9518072289156626,10.0,1024
0.2,1,0.38241923365890307,0.9218045112781955,10.0,1024
0.30000000000000004,1,0.4628595963933018,0.9028056112224448,10.0,1024
0.4,1,0.5262894341512269,0.869172932330827,10.0,1024
0.5,1,0.5985576923076923,0.8502705953096813,10.0,1024
0.6,1,0.6408715251690458,0.8391783567134269,10.0,1024
0.7000000000000001,1,0.6446446446446447,0.8281786941580757,10.0,1024
0.8,1,0.6621621621621622,0.8151071025930101,10.0,1024
0.9,1,0.6606606606606606,0.8089512358049432,100.0,1024
0.1,2,0.3165275459098498,0.9036144578313253,1.0,1024
0.2,2,0.41359879789631854,0.9353383458646617,10.0,1024
0.30000000000000004,2,0.4761700300558179,0.9158316633266533,10.0,1024
0.4,2,0.5217826740110165,0.8954887218045112,10.0,1024
0.5,2,0.5594951923076923,0.8701142513529766,10.0,1024
0.6,2,0.6048084147257701,0.8512024048096193,10.0,1024
0.7000000000000001,2,0.6236236236236237,0.8286082474226805,10.0,1024
0.8,2,0.6426426426426426,0.8192408868846298,100.0,1024
0.9,2,0.6756756756756757,0.8069472277889111,100.0,1024
0.1,3,0.32554257095158595,0.9548192771084337,100.0,1024
0.2,3,0.39669421487603307,0.9308270676691729,10.0,1024
0.30000000000000004,3,0.46071275225418634,0.9118236472945892,10.0,1024
0.4,3,0.5257886830245369,0.8827067669172932,10.0,1024
0.5,3,0.5709134615384616,0.8592904389657245,10.0,1024
0.6,3,0.6115702479338843,0.8376753507014028,1000.0,1024
0.7000000000000001,3,0.6316316316316316,0.8251718213058419,10.0,1024
0.8,3,0.6726726726726727,0.8121007140172868,10.0,1024
0.9,3,0.6606606606606606,0.8072812291249165,10.0,1024
0.1,4,0.2534223706176962,0.9608433734939759,100.0,1024
0.2,4,0.39368895567242673,0.8646616541353384,1.0,1024
0.30000000000000004,4,0.48046371833404894,0.8857715430861723,10.0,1024
0.4,4,0.5317976965448172,0.869172932330827,10.0,1024
0.5,4,0.5769230769230769,0.830426939266386,1.0,1024
0.6,4,0.6265965439519159,0.8351703406813628,10.0,1024
0.7000000000000001,4,0.6536536536536537,0.8213058419243986,100.0,1024
0.8,4,0.6651651651651652,0.8169860954528373,100.0,1024
0.9,4,0.6816816816816816,0.8076152304609219,1000.0,1024
0.1,5,0.3045075125208681,0.9126506024096386,1.0,1024
0.2,5,0.3820435762584523,0.8736842105263158,1.0,1024
0.30000000000000004,5,0.4620008587376557,0.8897795591182365,10.0,1024
0.4,5,0.5262894341512269,0.8706766917293233,1000.0,1024
0.5,5,0.5691105769230769,0.8448586891160553,1000.0,1024
0.6,5,0.6055597295266717,0.8356713426853707,10.0,1024
0.7000000000000001,5,0.6406406406406406,0.8273195876288659,10.0,1024
0.8,5,0.6546546546546547,0.8192408868846298,10.0,1024
0.9,5,0.6576576576576577,0.8109552438209753,10.0,1024
0.1,6,0.3045075125208681,0.8855421686746988,1.0,1024
0.2,6,0.39744552967693464,0.9112781954887218,10.0,1024
0.30000000000000004,6,0.4620008587376557,0.8917835671342685,10.0,1024
0.4,6,0.5162744116174262,0.8699248120300752,10.0,1024
0.5,6,0.5661057692307693,0.8388454600120264,10.0,1024
0.6,6,0.6025544703230654,0.8286573146292585,10.0,1024
0.7000000000000001,6,0.6476476476476476,0.8221649484536082,100.0,1024
0.8,6,0.6651651651651652,0.8151071025930101,10.0,1024
0.9,6,0.6606606606606606,0.8079492317969272,10.0,1024
0.1,7,0.2854757929883139,0.9006024096385542,1.0,1024
0.2,7,0.38580015026296016,0.9263157894736842,10.0,1024
0.30000000000000004,7,0.45770717045942466,0.8717434869739479,1.0,1024
0.4,7,0.5383074611917876,0.8646616541353384,1000.0,1024
0.5,7,0.5865384615384616,0.8268190018039687,1.0,1024
0.6,7,0.6183320811419984,0.8276553106212425,10.0,1024
0.7000000000000001,7,0.6506506506506506,0.8109965635738832,1.0,1024
0.8,7,0.6786786786786787,0.8117249154453213,1000.0,1024
0.9,7,0.7057057057057057,0.8056112224448898,100.0,1024
0.1,8,0.30851419031719535,0.8885542168674698,1.0,1024
0.2,8,0.40007513148009016,0.8857142857142857,1.0,1024
0.30000000000000004,8,0.47144697294976384,0.9078156312625251,100.0,1024
0.4,8,0.5378067100650976,0.8842105263157894,10.0,1024
0.5,8,0.5877403846153846,0.8610944076969332,10.0,1024
0.6,8,0.6145755071374907,0.844188376753507,10.0,1024
0.7000000000000001,8,0.6166166166166166,0.8367697594501718,10.0,1024
0.8,8,0.6366366366366366,0.8199924840285607,1000.0,1024
0.9,8,0.6726726726726727,0.8089512358049432,10.0,1024
0.1,9,0.3021702838063439,0.9578313253012049,10.0,1024
0.2,9,0.3918106686701728,0.8872180451127819,1.0,1024
0.30000000000000004,9,0.46071275225418634,0.8587174348697395,1.0,1024
0.4,9,0.5247871807711567,0.8511278195488722,1.0,1024
0.5,9,0.5667067307692307,0.8430547203848466,1.0,1024
0.6,9,0.6063110443275732,0.843186372745491,1000.0,1024
0.7000000000000001,9,0.6366366366366366,0.8268900343642611,1000.0,1024
0.8,9,0.6411411411411412,0.8173618940248027,10.0,1024
0.9,9,0.6696696696696697,0.8086172344689379,10.0,1024
0.1,0,0.532220367278798,0.7228915662650602,0.1,0
0.2,0,0.5991735537190083,0.9233082706766917,1.0,0
0.30000000000000004,0,0.6281665951051953,0.9028056112224448,1.0,0
0.4,0,0.6379569354031046,0.9007518796992481,1.0,0
0.5,0,0.6604567307692307,0.8773301262778112,1.0,0
0.6,0,0.6694214876033058,0.874248496993988,1.0,0
0.7000000000000001,0,0.6876876876876877,0.8621134020618557,1.0,0
0.8,0,0.7087087087087087,0.8526869597895528,1.0,0
0.9,0,0.7357357357357357,0.844689378757515,1.0,0
0.1,1,0.5372287145242071,0.9849397590361446,10.0,0
0.2,1,0.599549211119459,0.9218045112781955,1.0,0
0.30000000000000004,1,0.6174323744096178,0.9048096192384769,1.0,0
0.4,1,0.642463695543315,0.8842105263157894,1.0,0
0.5,1,0.6700721153846154,0.8725195429945881,1.0,0
0.6,1,0.6851990984222389,0.8682364729458918,1.0,0
0.7000000000000001,1,0.7067067067067067,0.8642611683848798,1.0,0
0.8,1,0.7237237237237237,0.8568207440811725,1.0,0
0.9,1,0.7057057057057057,0.8493653974615899,1.0,0
0.1,2,0.5512520868113523,0.9789156626506024,1.0,0
0.2,2,0.5987978963185575,0.9503759398496241,1.0,0
0.30000000000000004,2,0.6109918419922714,0.9729458917835672,10.0,0
0.4,2,0.6344516775162744,0.9090225563909774,1.0,0
0.5,2,0.6514423076923077,0.8905592303066747,1.0,0
0.6,2,0.6634109691960932,0.872745490981964,1.0,0
0.7000000000000001,2,0.6836836836836837,0.8573883161512027,1.0,0
0.8,2,0.7042042042042042,0.8568207440811725,1.0,0
0.9,2,0.7117117117117117,0.851369405477622,1.0,0
0.1,3,0.513856427378965,0.7108433734939759,0.1,0
0.2,3,0.5796393688955672,0.9714285714285714,100.0,0
0.30000000000000004,3,0.6058394160583942,0.9238476953907816,1.0,0
0.4,3,0.6419629444166249,0.8977443609022556,1.0,0
0.5,3,0.6676682692307693,0.8809380637402285,1.0,0
0.6,3,0.6784372652141247,0.872745490981964,1.0,0
0.7000000000000001,3,0.6936936936936937,0.8676975945017182,1.0,0
0.8,3,0.7237237237237237,0.8560691469372417,1.0,0
0.9,3,0.7717717717717718,0.8520374081496326,1.0,0
0.1,4,0.5445742904841402,0.9819277108433735,1.0,0
0.2,4,0.601427498121713,0.9278195488721804,1.0,0
0.30000000000000004,4,0.6311721768999571,0.9048096192384769,1.0,0
0.4,4,0.6664997496244367,0.8857142857142857,1.0,0
0.5,4,0.6893028846153846,0.8737221888153939,1.0,0
0.6,4,0.6979714500375658,0.8632264529058116,1.0,0
0.7000000000000001,4,0.7327327327327328,0.8591065292096219,1.0,0
0.8,4,0.7507507507507507,0.8560691469372417,1.0,0
0.9,4,0.7357357357357357,0.8476953907815631,1.0,0
0.1,5,0.5736227045075125,0.9819277108433735,1.0,0
0.2,5,0.5946656649135988,0.924812030075188,1.0,0
0.30000000000000004,5,0.6260197509660799,0.9148296593186372,1.0,0
0.4,5,0.6544817225838758,0.8977443609022556,1.0,0
0.5,5,0.6838942307692307,0.8725195429945881,1.0,0
0.6,5,0.6769346356123216,0.8617234468937875,1.0,0
0.7000000000000001,5,0.7037037037037037,0.8595360824742269,1.0,0
0.8,5,0.7267267267267268,0.856444945509207,1.0,0
0.9,5,0.7357357357357357,0.8510354041416166,1.0,0
0.1,6,0.5532554257095159,0.9608433734939759,1.0,0
0.2,6,0.6051840721262209,0.9278195488721804,1.0,0
0.30000000000000004,6,0.6285959639330184,0.906813627254509,1.0,0
0.4,6,0.6439659489233851,0.8932330827067669,1.0,0
0.5,6,0.6694711538461539,0.8731208659049909,1.0,0
0.6,6,0.6784372652141247,0.8652304609218436,1.0,0
0.7000000000000001,6,0.7177177177177178,0.8569587628865979,1.0,0
0.8,6,0.7207207207207207,0.8549417512213454,1.0,0
0.9,6,0.7327327327327328,0.8486973947895792,1.0,0
0.1,7,0.5258764607679466,0.9819277108433735,1.0,0
0.2,7,0.596168294515402,0.9323308270676691,1.0,0
0.30000000000000004,7,0.635465865178188,0.9098196392785571,1.0,0
0.4,7,0.6604907361041562,0.8894736842105263,1.0,0
0.5,7,0.6736778846153846,0.8779314491882141,1.0,0
0.6,7,0.6949661908339594,0.8617234468937875,1.0,0
0.7000000000000001,7,0.7157157157157157,0.854381443298969,1.0,0
0.8,7,0.7282282282282282,0.8568207440811725,1.0,0
0.9,7,0.7627627627627628,0.8473613894455578,1.0,0
0.1,8,0.5409015025041736,0.9728915662650602,1.0,0
0.2,8,0.594290007513148,0.9383458646616541,1.0,0
0.30000000000000004,8,0.6238729068269644,0.9118236472945892,1.0,0
0.4,8,0.6269404106159239,0.8969924812030076,1.0,0
0.5,8,0.6544471153846154,0.8875526157546603,1.0,0
0.6,8,0.6709241172051089,0.8767535070140281,1.0,0
0.7000000000000001,8,0.6726726726726727,0.8707044673539519,1.0,0
0.8,8,0.6921921921921922,0.8602029312288614,1.0,0
0.9,8,0.7237237237237237,0.8507014028056112,1.0,0
0.1,9,0.5245409015025042,0.9879518072289156,10.0,0
0.2,9,0.594290007513148,0.9443609022556391,1.0,0
0.30000000000000004,9,0.6195792185487333,0.9228456913827655,1.0,0
0.4,9,0.6174261392088132,0.9466165413533835,10.0,0
0.5,9,0.6568509615384616,0.889356584485869,1.0,0
0.6,9,0.6679188580015026,0.8777555110220441,1.0,0
0.7000000000000001,9,0.6946946946946947,0.8616838487972509,1.0,0
0.8,9,0.7012012012012012,0.8553175497933108,1.0,0
0.9,9,0.7147147147147147,0.8503674014696059,1.0,0
