ratio,run,cluster_acc,cluster_acc_train,best_C,depth
0.1,0,0.30150250417362273,0.3373493975903614,1.0,0
0.2,0,0.4090909090909091,0.4421052631578947,1.0,0
0.30000000000000004,0,0.42722198368398456,0.48697394789579157,0.001,0
0.4,0,0.5322984476715072,0.5511278195488721,0.1,0
0.5,0,0.5697115384615384,0.6043295249549008,1.0,0
0.6,0,0.6033057851239669,0.6277555110220441,0.1,0
0.7000000000000001,0,0.6376376376376376,0.6537800687285223,0.1,0
0.8,0,0.6621621621621622,0.6813228109733183,10.0,0
0.9,0,0.6606606606606606,0.7211088844355378,0.01,0
0.1,1,0.2948247078464107,0.27710843373493976,0.1,0
0.2,1,0.4049586776859504,0.4045112781954887,0.01,0
0.30000000000000004,1,0.48389866895663375,0.4779559118236473,0.001,0
0.4,1,0.5468202303455183,0.5345864661654135,0.001,0
0.5,1,0.5985576923076923,0.5742633794347565,0.1,0
0.6,1,0.6348610067618332,0.6127254509018036,0.1,0
0.7000000000000001,1,0.6636636636636637,0.6533505154639175,0.1,0
0.8,1,0.6951951951951952,0.6940999624201428,1.0,0
0.9,1,0.6666666666666666,0.7294589178356713,0.1,0
0.1,2,0.31786310517529215,0.34036144578313254,0.1,0
0.2,2,0.3921863260706236,0.4180451127819549,0.1,0
0.30000000000000004,2,0.46243022756547875,0.503006012024048,0.01,0
0.4,2,0.5297946920380571,0.5699248120300752,1.0,0
0.5,2,0.5534855769230769,0.6109440769693325,0.001,0
0.6,2,0.6070623591284748,0.6492985971943888,0.1,0
0.7000000000000001,2,0.6296296296296297,0.688573883161512,0.1,0
0.8,2,0.6321321321321322,0.7076287110108982,0.1,0
0.9,2,0.6516516516516516,0.7287909151636607,0.01,0
0.1,3,0.3302170283806344,0.3373493975903614,1.0,0
0.2,3,0.4143501126972201,0.4180451127819549,1.0,0
0.30000000000000004,3,0.48475740661227995,0.4879759519038076,0.01,0
0.4,3,0.5388082123184778,0.5406015037593985,0.01,0
0.5,3,0.5865384615384616,0.5652435357787132,0.01,0
0.6,3,0.6235912847483095,0.6137274549098196,1.0,0
0.7000000000000001,3,0.6536536536536537,0.654639175257732,0.01,0
0.8,3,0.6981981981981982,0.6948515595640736,0.1,0
0.9,3,0.7117117117117117,0.7187708750835003,0.01,0
0.1,4,0.32153589315525877,0.35843373493975905,1.0,0
0.2,4,0.4094665664913599,0.39398496240601505,10.0,0
0.30000000000000004,4,0.49635036496350365,0.48597194388777554,1.0,0
0.4,4,0.5558337506259389,0.5390977443609023,1.0,0
0.5,4,0.5991586538461539,0.5724594107035478,1.0,0
0.6,4,0.6356123215627348,0.6117234468937875,0.1,0
0.7000000000000001,4,0.6726726726726727,0.6529209621993127,0.1,0
0.8,4,0.7162162162162162,0.6805712138293875,0.1,0
0.9,4,0.7207207207207207,0.720440881763527,0.01,0
0.1,5,0.2998330550918197,0.3313253012048193,0.1,0
0.2,5,0.39368895567242673,0.40150375939849625,1.0,0
0.30000000000000004,5,0.47058823529411764,0.46893787575150303,0.01,0
0.4,5,0.5252879318978467,0.5210526315789473,0.01,0
0.5,5,0.5895432692307693,0.5748647023451593,0.1,0
0.6,5,0.6431254695717505,0.6217434869739479,1.0,0
0.7000000000000001,5,0.6776776776776777,0.6615120274914089,0.1,0
0.8,5,0.6891891891891891,0.6993611424276588,1.0,0
0.9,5,0.7087087087087087,0.7251169004676019,10.0,0
0.1,6,0.3419031719532554,0.3072289156626506,10.0,0
0.2,6,0.4286250939143501,0.44661654135338347,0.01,0
0.30000000000000004,6,0.506655216831258,0.5070140280561122,1.0,0
0.4,6,0.5448172258387581,0.5593984962406015,0.1,0
0.5,6,0.5853365384615384,0.6061334936861095,0.1,0
0.6,6,0.6190833959429001,0.6437875751503006,0.1,0
0.7000000000000001,6,0.6396396396396397,0.6752577319587629,1.0,0
0.8,6,0.6426426426426426,0.7072529124389327,0.1,0
0.9,6,0.6666666666666666,0.7354709418837675,1.0,0
0.1,7,0.30150250417362273,0.3102409638554217,1.0,0
0.2,7,0.3955672426746807,0.3548872180451128,0.01,0
0.30000000000000004,7,0.4645770717045942,0.44188376753507014,1.0,0
0.4,7,0.5368052078117176,0.5233082706766917,10.0,0
0.5,7,0.5889423076923077,0.5652435357787132,1.0,0
0.6,7,0.6168294515401953,0.6112224448897795,0.1,0
0.7000000000000001,7,0.6526526526526526,0.6610824742268041,0.1,0
0.8,7,0.6876876876876877,0.6880871852686959,0.1,0
0.9,7,0.6906906906906907,0.7234468937875751,1.0,0
0.1,8,0.3375626043405676,0.39457831325301207,1.0,0
0.2,8,0.4132231404958678,0.4421052631578947,1.0,0
0.30000000000000004,8,0.49635036496350365,0.49799599198396793,1.0,0
0.4,8,0.556334501752629,0.5481203007518797,0.1,0
0.5,8,0.5991586538461539,0.5898977751052316,1.0,0
0.6,8,0.6326070623591284,0.6297595190380761,0.1,0
0.7000000000000001,8,0.6636636636636637,0.6615120274914089,1.0,0
0.8,8,0.6816816816816816,0.6940999624201428,0.1,0
0.9,8,0.7027027027027027,0.7164328657314629,0.01,0
0.1,9,0.3078464106844741,0.33433734939759036,10.0,0
0.2,9,0.4083395942900075,0.38646616541353385,0.1,0
0.30000000000000004,9,0.4942035208243882,0.49599198396793587,0.1,0
0.4,9,0.5383074611917876,0.5548872180451128,0.1,0
0.5,9,0.5895432692307693,0.5862898376428142,0.1,0
0.6,9,0.6386175807663411,0.6352705410821643,0.1,0
0.7000000000000001,9,0.6776776776776777,0.6632302405498282,0.1,0
0.8,9,0.6981981981981982,0.6971063509958663,0.1,0
0.9,9,0.7237237237237237,0.7261189044756179,0.1,0
0.1,0,0.4774624373956594,0.45180722891566266,0.1,1
0.2,0,0.5529676934635612,0.5834586466165413,1.0,1
0.30000000000000004,0,0.6019750966079863,0.6352705410821643,0.1,1
0.4,0,0.6314471707561342,0.662406015037594,0.1,1
0.5,0,0.6538461538461539,0.6873120865904991,0.1,1
0.6,0,0.6679188580015026,0.7024048096192385,0.01,1
0.7000000000000001,0,0.6996996996996997,0.7117697594501718,0.01,1
0.8,0,0.7102102102102102,0.7245396467493423,0.01,1
0.9,0,0.6696696696696697,0.7538410153640615,0.01,1
0.1,1,0.42871452420701167,0.47289156626506024,1.0,1
0.2,1,0.5589782118707739,0.5398496240601504,0.01,1
0.30000000000000004,1,0.6230141691713181,0.5981963927855711,0.01,1
0.4,1,0.6464697045568353,0.6556390977443609,0.01,1
0.5,1,0.6856971153846154,0.6650631389055923,0.01,1
0.6,1,0.7137490608564989,0.688376753507014,0.01,1
0.7000000000000001,1,0.7117117117117117,0.7096219931271478,0.01,1
0.8,1,0.7207207207207207,0.7320556181886508,0.01,1
0.9,1,0.6906906906906907,0.7471609886439545,0.01,1
0.1,2,0.4674457429048414,0.46987951807228917,1.0,1
0.2,2,0.5653643876784372,0.5759398496240602,0.1,1
0.30000000000000004,2,0.6084156290253327,0.625250501002004,0.01,1
0.4,2,0.6304456685027542,0.6684210526315789,0.1,1
0.5,2,0.6502403846153846,0.6933253156945279,0.1,1
0.6,2,0.6611570247933884,0.7079158316633266,0.01,1
0.7000000000000001,2,0.6636636636636637,0.7345360824742269,0.01,1
0.8,2,0.6591591591591591,0.7448327696354754,0.01,1
0.9,2,0.6666666666666666,0.7531730126920507,0.01,1
0.1,3,0.45809682804674456,0.5060240963855421,0.1,1
0.2,3,0.5439519158527423,0.5864661654135338,1.0,1
0.30000000000000004,3,0.6127093173035638,0.6112224448897795,0.1,1
0.4,3,0.6454682023034551,0.6556390977443609,0.1,1
0.5,3,0.6790865384615384,0.6680697534576068,0.01,1
0.6,3,0.695717505634861,0.688376753507014,0.001,1
0.7000000000000001,3,0.7147147147147147,0.7199312714776632,0.01,1
0.8,3,0.7357357357357357,0.7290492296129275,0.01,1
0.9,3,0.7387387387387387,0.7421509686038744,0.01,1
0.1,4,0.44674457429048414,0.46686746987951805,0.1,1
0.2,4,0.5371900826446281,0.5323308270676692,0.01,1
0.30000000000000004,4,0.6109918419922714,0.5991983967935872,0.001,1
0.4,4,0.642463695543315,0.649624060150376,0.001,1
0.5,4,0.671875,0.6710763680096211,0.001,1
0.6,4,0.6821938392186326,0.6898797595190381,0.001,1
0.7000000000000001,4,0.7337337337337337,0.7134879725085911,0.01,1
0.8,4,0.7447447447447447,0.7230364524614806,0.01,1
0.9,4,0.7537537537537538,0.7411489645958583,0.01,1
0.1,5,0.4667779632721202,0.5120481927710844,1.0,1
0.2,5,0.5477084898572502,0.5609022556390978,0.1,1
0.30000000000000004,5,0.5873765564620008,0.6092184368737475,0.1,1
0.4,5,0.627941912869304,0.6338345864661654,0.001,1
0.5,5,0.6634615384615384,0.671677690920024,1.0,1
0.6,5,0.6829451540195342,0.6948897795591182,0.1,1
0.7000000000000001,5,0.7187187187187187,0.7057560137457045,0.01,1
0.8,5,0.7357357357357357,0.7226606538895152,0.01,1
0.9,5,0.7387387387387387,0.7441549766199065,0.01,1
0.1,6,0.48247078464106846,0.5030120481927711,10.0,1
0.2,6,0.5510894064613073,0.6030075187969924,0.1,1
0.30000000000000004,6,0.6204379562043796,0.6122244488977956,1.0,1
0.4,6,0.6409614421632449,0.6571428571428571,0.01,1
0.5,6,0.6640625,0.6728803367408298,0.01,1
0.6,6,0.6844477836213373,0.6943887775551102,0.01,1
0.7000000000000001,6,0.7087087087087087,0.7237972508591065,0.01,1
0.8,6,0.6981981981981982,0.7403231867718902,0.01,1
0.9,6,0.7057057057057057,0.748496993987976,0.01,1
0.1,7,0.44507512520868114,0.45180722891566266,10.0,1
0.2,7,0.5492111194590533,0.5203007518796993,0.1,1
0.30000000000000004,7,0.61356805495921,0.6042084168336673,0.1,1
0.4,7,0.642463695543315,0.6556390977443609,1.0,1
0.5,7,0.6808894230769231,0.6680697534576068,0.01,1
0.6,7,0.6799398948159279,0.6908817635270541,0.1,1
0.7000000000000001,7,0.7017017017017017,0.7186426116838488,0.01,1
0.8,7,0.7252252252252253,0.7271702367531003,0.01,1
0.9,7,0.7267267267267268,0.7404809619238477,0.01,1
0.1,8,0.4751252086811352,0.5331325301204819,1.0,1
0.2,8,0.5424492862509391,0.5804511278195489,1.0,1
0.30000000000000004,8,0.6118505796479176,0.6122244488977956,0.1,1
0.4,8,0.6544817225838758,0.6390977443609023,0.1,1
0.5,8,0.6844951923076923,0.6674684305472038,0.01,1
0.6,8,0.6889556724267468,0.6988977955911824,0.01,1
0.7000000000000001,8,0.7077077077077077,0.7100515463917526,0.01,1
0.8,8,0.7237237237237237,0.7305524239007892,0.01,1
0.9,8,0.7267267267267268,0.7381429525718103,0.01,1
0.1,9,0.4747913188647746,0.5271084337349398,10.0,1
0.2,9,0.5443275732531931,0.5789473684210527,10.0,1
0.30000000000000004,9,0.5933877200515243,0.594188376753507,0.1,1
0.4,9,0.6379569354031046,0.6300751879699248,0.01,1
0.5,9,0.6887019230769231,0.6530366806975346,0.1,1
0.6,9,0.7084898572501879,0.6863727454909819,0.01,1
0.7000000000000001,9,0.7187187187187187,0.709192439862543,0.01,1
0.8,9,0.7342342342342343,0.7241638481773769,0.01,1
0.9,9,0.7477477477477478,0.7444889779559118,0.01,1
0.1,0,0.4968280467445743,0.5753012048192772,10.0,2
0.2,0,0.5751314800901578,0.6345864661654136,0.1,2
0.30000000000000004,0,0.6174323744096178,0.655310621242485,0.01,2
0.4,0,0.6379569354031046,0.6631578947368421,0.001,2
0.5,0,0.6550480769230769,0.6969332531569453,0.1,2
0.6,0,0.67618332081142,0.7084168336673347,0.01,2
0.7000000000000001,0,0.7027027027027027,0.7190721649484536,0.01,2
0.8,0,0.7117117117117117,0.7275460353250658,0.01,2
0.9,0,0.6666666666666666,0.7508350033400134,0.01,2
0.1,1,0.4674457429048414,0.536144578313253,1.0,2
0.2,1,0.5931630353117956,0.5669172932330827,0.01,2
0.30000000000000004,1,0.6444826105624731,0.6112224448897795,0.01,2
0.4,1,0.6594892338507762,0.656390977443609,0.01,2
0.5,1,0.6983173076923077,0.671677690920024,0.01,2
0.6,1,0.7107438016528925,0.6838677354709419,0.001,2
0.7000000000000001,1,0.7157157157157157,0.7079037800687286,0.01,2
0.8,1,0.7237237237237237,0.7290492296129275,0.01,2
0.9,1,0.6816816816816816,0.7448229792919172,0.01,2
0.1,2,0.523873121869783,0.5271084337349398,0.1,2
0.2,2,0.5830202854996244,0.6135338345864662,0.1,2
0.30000000000000004,2,0.6109918419922714,0.6533066132264529,0.1,2
0.4,2,0.6349524286429644,0.6781954887218045,0.1,2
0.5,2,0.6466346153846154,0.6945279615153337,0.01,2
0.6,2,0.6709241172051089,0.716933867735471,0.01,2
0.7000000000000001,2,0.6696696696696697,0.7371134020618557,0.01,2
0.8,2,0.6516516516516516,0.7485907553551296,0.01,2
0.9,2,0.6546546546546547,0.7548430193720775,0.01,2
0.1,3,0.512186978297162,0.5783132530120482,0.1,2
0.2,3,0.5687453042824944,0.6045112781954888,0.01,2
0.30000000000000004,3,0.6204379562043796,0.627254509018036,0.01,2
0.4,3,0.6469704556835253,0.6684210526315789,0.01,2
0.5,3,0.6766826923076923,0.6632591701743836,0.1,2
0.6,3,0.6987227648384673,0.6953907815631263,0.01,2
0.7000000000000001,3,0.7217217217217218,0.7212199312714777,0.01,2
0.8,3,0.7177177177177178,0.7275460353250658,0.001,2
0.9,3,0.7357357357357357,0.7421509686038744,0.01,2
0.1,4,0.49015025041736227,0.536144578313253,0.1,2
0.2,4,0.5649887302779865,0.5714285714285714,0.1,2
0.30000000000000004,4,0.6225848003434951,0.6032064128256514,0.001,2
0.4,4,0.6559839759639459,0.6616541353383458,0.01,2
0.5,4,0.6881009615384616,0.6764882742032472,0.01,2
0.6,4,0.6972201352366642,0.687374749498998,0.01,2
0.7000000000000001,4,0.7097097097097097,0.7104810996563574,0.001,2
0.8,4,0.7252252252252253,0.7192784667418264,0.001,2
0.9,4,0.7567567567567568,0.739812959251837,0.01,2
0.1,5,0.5215358931552587,0.5843373493975904,1.0,2
0.2,5,0.558602554470323,0.6045112781954888,1.0,2
0.30000000000000004,5,0.6165736367539717,0.6162324649298597,0.01,2
0.4,5,0.6344516775162744,0.6548872180451127,0.01,2
0.5,5,0.6712740384615384,0.6764882742032472,0.01,2
0.6,5,0.6927122464312547,0.688376753507014,0.1,2
0.7000000000000001,5,0.7247247247247247,0.7134879725085911,0.01,2
0.8,5,0.7372372372372372,0.7256670424652386,0.01,2
0.9,5,0.7477477477477478,0.7421509686038744,0.1,2
0.1,6,0.5118530884808014,0.5512048192771084,0.01,2
0.2,6,0.5732531930879038,0.6360902255639098,0.1,2
0.30000000000000004,6,0.6251610133104336,0.6462925851703407,0.1,2
0.4,6,0.6449674511767651,0.6804511278195489,0.01,2
0.5,6,0.6736778846153846,0.6957306073361396,0.01,2
0.6,6,0.6949661908339594,0.7059118236472945,0.01,2
0.7000000000000001,6,0.7017017017017017,0.7229381443298969,0.01,2
0.8,6,0.6771771771771772,0.7403231867718902,0.1,2
0.9,6,0.6906906906906907,0.7451569806279225,0.1,2
0.1,7,0.49181969949916526,0.5210843373493976,0.1,2
0.2,7,0.5803906836964688,0.5684210526315789,0.1,2
0.30000000000000004,7,0.6324602833834264,0.6282565130260521,0.1,2
0.4,7,0.6534802203304958,0.6661654135338346,0.01,2
0.5,7,0.6856971153846154,0.6788935658448587,0.01,2
0.6,7,0.6821938392186326,0.6983967935871743,0.01,2
0.7000000000000001,7,0.6956956956956957,0.7121993127147767,0.1,2
0.8,7,0.7327327327327328,0.7282976324689966,0.01,2
0.9,7,0.7507507507507507,0.7414829659318637,0.01,2
0.1,8,0.48480801335559265,0.572289156626506,10.0,2
0.2,8,0.5593538692712247,0.6105263157894737,10.0,2
0.30000000000000004,8,0.6234435379991413,0.6312625250501002,0.1,2
0.4,8,0.6649974962443665,0.6481203007518797,0.1,2
0.5,8,0.6947115384615384,0.6704750450992183,0.01,2
0.6,8,0.7032306536438768,0.6968937875751503,0.01,2
0.7000000000000001,8,0.7217217217217218,0.711340206185567,0.01,2
0.8,8,0.7177177177177178,0.7350620067643743,0.01,2
0.9,8,0.7177177177177178,0.7434869739478958,0.01,2
0.1,9,0.5001669449081803,0.5783132530120482,0.01,2
0.2,9,0.5770097670924117,0.6210526315789474,10.0,2
0.30000000000000004,9,0.6152855302705024,0.6192384769539078,0.001,2
0.4,9,0.6534802203304958,0.6548872180451127,0.1,2
0.5,9,0.6856971153846154,0.6650631389055923,0.1,2
0.6,9,0.7054845980465815,0.688877755511022,0.01,2
0.7000000000000001,9,0.7167167167167167,0.7104810996563574,0.01,2
0.8,9,0.7327327327327328,0.7282976324689966,0.01,2
0.9,9,0.7507507507507507,0.7424849699398798,0.01,2
