ratio,run,cluster_acc,cluster_acc_train,best_C
0.1,0,0.520534223706177,0.9397590361445783,1.0
0.2,0,0.5732531930879038,0.8917293233082707,1.0
0.30000000000000004,0,0.6157148990983254,0.9899799599198397,10.0
0.4,0,0.6459689534301453,0.98796992481203,10.0
0.5,0,0.6724759615384616,0.6806975345760673,0.01
0.6,0,0.6897069872276483,0.6998997995991983,0.01
0.7000000000000001,0,0.7117117117117117,0.7152061855670103,0.01
0.8,0,0.7237237237237237,0.7279218338970312,0.01
0.9,0,0.7267267267267268,0.9923179692718771,1000.0
0.1,1,0.5332220367278798,0.8945783132530121,1.0
0.2,1,0.5773854244928626,0.8676691729323308,1.0
0.30000000000000004,1,0.6114212108200945,0.6132264529058116,0.001
0.4,1,0.6529794692038057,0.856390977443609,1.0
0.5,1,0.6790865384615384,0.9927841250751653,100.0
0.6,1,0.6851990984222389,0.9924849699398798,1000.0
0.7000000000000001,1,0.7127127127127127,0.7096219931271478,0.01
0.8,1,0.7132132132132132,0.9924840285606915,1000.0
0.9,1,0.7147147147147147,0.9919839679358717,1000.0
0.1,2,0.4747913188647746,0.9969879518072289,100.0
0.2,2,0.5830202854996244,0.649624060150376,0.1
0.30000000000000004,2,0.6088449978531558,0.655310621242485,0.01
0.4,2,0.642964446670005,0.6473684210526316,0.01
0.5,2,0.6592548076923077,0.714371617558629,0.1
0.6,2,0.6784372652141247,0.7039078156312625,0.01
0.7000000000000001,2,0.6986986986986987,0.7156357388316151,0.01
0.8,2,0.7117117117117117,0.7324314167606163,0.01
0.9,2,0.7447447447447447,0.738810955243821,0.01
0.1,3,0.5045075125208681,0.4939759036144578,0.01
0.2,3,0.5867768595041323,0.6541353383458647,0.1
0.30000000000000004,3,0.6148561614426793,0.5891783567134269,0.01
0.4,3,0.6449674511767651,0.643609022556391,0.01
0.5,3,0.671875,0.687913409500902,0.1
0.6,3,0.6844477836213373,0.7134268537074149,0.1
0.7000000000000001,3,0.7097097097097097,0.7109106529209622,0.01
0.8,3,0.7132132132132132,0.9917324314167606,1000.0
0.9,3,0.7267267267267268,0.990313961255845,100.0
0.1,4,0.48848080133555927,0.5662650602409639,0.1
0.2,4,0.5924117205108941,0.6947368421052632,0.1
0.30000000000000004,4,0.6251610133104336,0.6442885771543087,0.01
0.4,4,0.6414621932899349,0.7240601503759398,0.1
0.5,4,0.6604567307692307,0.7029464822609741,0.1
0.6,4,0.7032306536438768,0.7084168336673347,0.1
0.7000000000000001,4,0.7277277277277278,0.7147766323024055,0.01
0.8,4,0.7372372372372372,0.7482149567831642,0.1
0.9,4,0.7327327327327328,0.9906479625918504,100.0
0.1,5,0.5031719532554257,1.0,1000.0
0.2,5,0.5815176558978212,0.9849624060150376,10.0
0.30000000000000004,5,0.6238729068269644,0.6943887775551102,0.1
0.4,5,0.6544817225838758,0.7007518796992481,0.1
0.5,5,0.6724759615384616,0.6734816596512327,0.01
0.6,5,0.6934635612321562,0.7024048096192385,0.01
0.7000000000000001,5,0.7227227227227228,0.7121993127147767,0.01
0.8,5,0.7162162162162162,0.7328072153325818,0.01
0.9,5,0.7297297297297297,0.7381429525718103,0.01
0.1,6,0.5048414023372287,1.0,100.0
0.2,6,0.5788880540946657,0.5774436090225564,0.01
0.30000000000000004,6,0.6191498497209103,0.6462925851703407,0.01
0.4,6,0.6479719579369053,0.7150375939849624,0.1
0.5,6,0.6646634615384616,0.7276007215874924,0.1
0.6,6,0.6746806912096168,0.7284569138276553,0.01
0.7000000000000001,6,0.6966966966966966,0.7465635738831615,0.1
0.8,6,0.7147147147147147,0.7534761367906802,0.1
0.9,6,0.7177177177177178,0.9919839679358717,1000.0
0.1,7,0.5258764607679466,0.6596385542168675,0.01
0.2,7,0.6096919609316304,0.9804511278195489,10.0
0.30000000000000004,7,0.626878488621726,0.6382765531062125,0.01
0.4,7,0.642463695543315,0.6759398496240602,0.01
0.5,7,0.6640625,0.682501503307276,0.01
0.6,7,0.6912096168294516,0.6998997995991983,0.01
0.7000000000000001,7,0.7177177177177178,0.8303264604810997,1.0
0.8,7,0.7222222222222222,0.9894776399849681,100.0
0.9,7,0.7537537537537538,0.7408149632598531,0.01
0.1,8,0.5295492487479132,0.6596385542168675,0.1
0.2,8,0.5897821187077386,0.8932330827067669,1.0
0.30000000000000004,8,0.6238729068269644,0.6603206412825652,0.01
0.4,8,0.6524787180771157,0.9842105263157894,10.0
0.5,8,0.6616586538461539,0.9915814792543596,100.0
0.6,8,0.6882043576258452,0.9769539078156313,10.0
0.7000000000000001,8,0.7167167167167167,0.7280927835051546,0.1
0.8,8,0.7237237237237237,0.8327696354753852,1.0
0.9,8,0.7027027027027027,0.9899799599198397,100.0
0.1,9,0.5185308848080133,0.9337349397590361,1.0
0.2,9,0.6006761833208114,0.8947368421052632,1.0
0.30000000000000004,9,0.6367539716616574,0.624248496993988,0.1
0.4,9,0.6705057586379569,0.6609022556390978,0.1
0.5,9,0.7019230769230769,0.6500300661455202,0.01
0.6,9,0.7205108940646131,0.6808617234468938,0.01
0.7000000000000001,9,0.7317317317317318,0.7048969072164949,0.01
0.8,9,0.7087087087087087,0.992108229988726,1000.0
0.9,9,0.7117117117117117,0.9923179692718771,1000.0
