ratio,run,cluster_acc,cluster_acc_train,best_C
0.1,0,0.5268781302170283,0.6054216867469879,0.1
0.2,0,0.5905334335086401,0.8766917293233083,1.0
0.30000000000000004,0,0.6144267926148561,0.6703406813627254,0.1
0.4,0,0.6554832248372559,0.7105263157894737,0.1
0.5,0,0.6917067307692307,0.6873120865904991,0.1
0.6,0,0.7092411720510894,0.7249498997995992,0.1
0.7000000000000001,0,0.7207207207207207,0.729381443298969,0.1
0.8,0,0.7237237237237237,0.7429537767756482,0.1
0.9,0,0.7597597597597597,0.8263193052772211,1.0
0.1,1,0.5482470784641068,0.6174698795180723,0.1
0.2,1,0.6202103681442525,0.8315789473684211,1.0
0.30000000000000004,1,0.6371833404894804,0.6482965931863728,0.1
0.4,1,0.6750125187781673,0.6676691729323309,0.1
0.5,1,0.7055288461538461,0.6945279615153337,0.1
0.6,1,0.681442524417731,0.9919839679358717,100.0
0.7000000000000001,1,0.7137137137137137,0.7298109965635738,0.1
0.8,1,0.7147147147147147,0.736565201052236,0.1
0.9,1,0.7267267267267268,0.7525050100200401,0.1
0.1,2,0.5038397328881469,0.9969879518072289,100.0
0.2,2,0.5969196093163035,0.6646616541353384,0.1
0.30000000000000004,2,0.6200085873765565,0.6352705410821643,0.01
0.4,2,0.6479719579369053,0.7135338345864661,0.1
0.5,2,0.6742788461538461,0.7288033674082982,0.1
0.6,2,0.6851990984222389,0.7259519038076152,0.1
0.7000000000000001,2,0.7127127127127127,0.7371134020618557,0.1
0.8,2,0.7237237237237237,0.7583615182262308,0.1
0.9,2,0.7417417417417418,0.7568470273881096,0.1
0.1,3,0.523873121869783,0.7048192771084337,0.1
0.2,3,0.5954169797145004,0.5954887218045113,0.01
0.30000000000000004,3,0.6393301846285959,0.6202404809619239,0.1
0.4,3,0.6619929894842264,0.6639097744360902,0.1
0.5,3,0.6820913461538461,0.6951292844257366,0.1
0.6,3,0.6987227648384673,0.7159318637274549,0.1
0.7000000000000001,3,0.7127127127127127,0.7435567010309279,0.1
0.8,3,0.7327327327327328,0.7200300638857572,0.01
0.9,3,0.7297297297297297,0.7438209752839011,0.01
0.1,4,0.5181969949916527,0.5873493975903614,0.1
0.2,4,0.5882794891059354,0.6947368421052632,0.1
0.30000000000000004,4,0.6303134392443108,0.8637274549098196,1.0
0.4,4,0.6474712068102153,0.7007518796992481,0.1
0.5,4,0.6664663461538461,0.714371617558629,0.1
0.6,4,0.7084898572501879,0.717434869739479,0.1
0.7000000000000001,4,0.7377377377377378,0.7362542955326461,0.1
0.8,4,0.7402402402402403,0.7478391582111988,0.1
0.9,4,0.7627627627627628,0.7521710086840347,0.1
0.1,5,0.5098497495826377,1.0,1000.0
0.2,5,0.5897821187077386,0.8842105263157894,1.0
0.30000000000000004,5,0.6419063975955346,0.8707414829659319,1.0
0.4,5,0.6624937406109164,0.8488721804511278,1.0
0.5,5,0.6754807692307693,0.724594107035478,0.1
0.6,5,0.6919609316303531,0.7309619238476954,0.1
0.7000000000000001,5,0.7197197197197197,0.836340206185567,1.0
0.8,5,0.7252252252252253,0.7504697482149568,0.1
0.9,5,0.7267267267267268,0.7374749498997996,0.01
0.1,6,0.515525876460768,1.0,10.0
0.2,6,0.5717505634861006,0.9939849624060151,1000.0
0.30000000000000004,6,0.6298840704164878,0.6462925851703407,0.01
0.4,6,0.6539809714571858,0.7330827067669173,0.1
0.5,6,0.6652644230769231,0.7263980757666867,0.01
0.6,6,0.6836964688204358,0.7419839679358717,0.1
0.7000000000000001,6,0.7047047047047047,0.7461340206185567,0.1
0.8,6,0.7237237237237237,0.7493423524990604,0.1
0.9,6,0.7567567567567568,0.8356713426853707,1.0
0.1,7,0.525542570951586,0.9909638554216867,10.0
0.2,7,0.6123215627347859,0.7022556390977444,0.1
0.30000000000000004,7,0.6260197509660799,0.7054108216432866,0.1
0.4,7,0.6549824737105658,0.6736842105263158,0.01
0.5,7,0.6682692307692307,0.6909200240529164,0.01
0.6,7,0.7054845980465815,0.7149298597194389,0.1
0.7000000000000001,7,0.7217217217217218,0.7126288659793815,0.01
0.8,7,0.7462462462462462,0.7388199924840285,0.1
0.9,7,0.7567567567567568,0.7535070140280561,0.1
0.1,8,0.5382303839732888,0.6295180722891566,0.1
0.2,8,0.5980465815176559,0.750375939849624,0.1
0.30000000000000004,8,0.6247316444826105,0.718436873747495,0.1
0.4,8,0.6664997496244367,0.7308270676691729,0.1
0.5,8,0.6965144230769231,0.7360192423331329,0.1
0.6,8,0.7107438016528925,0.7244488977955912,0.1
0.7000000000000001,8,0.7217217217217218,0.7319587628865979,0.1
0.8,8,0.7267267267267268,0.7470875610672679,0.1
0.9,8,0.7237237237237237,0.8343353373413493,1.0
0.1,9,0.5308848080133556,0.9307228915662651,1.0
0.2,9,0.6096919609316304,0.6105263157894737,0.1
0.30000000000000004,9,0.6496350364963503,0.6292585170340681,0.1
0.4,9,0.6800200300450676,0.6556390977443609,0.1
0.5,9,0.7169471153846154,0.6752856283824413,0.1
0.6,9,0.7227648384673178,0.7229458917835672,0.1
0.7000000000000001,9,0.7447447447447447,0.7375429553264605,0.1
0.8,9,0.7822822822822822,0.733934611048478,0.1
0.9,9,0.7627627627627628,0.7521710086840347,0.1
