ratio,run,cluster_acc,cluster_acc_train,best_C
0.1,0,0.5368948247078464,1.0,1000
0.2,0,0.5950413223140496,1.0,100
0.30000000000000004,0,0.6208673250322027,1.0,10
0.4,0,0.6554832248372559,1.0,10
0.5,0,0.6856971153846154,0.9609140108238123,1
0.6,0,0.7069872276483846,0.998496993987976,10
0.7000000000000001,0,0.7237237237237237,0.9480240549828178,1
0.8,0,0.7312312312312312,0.9432544156332205,1
0.9,0,0.7477477477477478,0.9382097528390113,1
0.1,1,0.552253756260434,1.0,100
0.2,1,0.6190833959429001,1.0,1000
0.30000000000000004,1,0.6440532417346501,1.0,10
0.4,1,0.6820230345518278,0.9714285714285714,1
0.5,1,0.7043269230769231,0.9669272399278412,1
0.6,1,0.7054845980465815,0.998997995991984,10
0.7000000000000001,1,0.7047047047047047,0.9987113402061856,10
0.8,1,0.7147147147147147,0.9981210071401728,10
0.9,1,0.7297297297297297,0.9973279893119572,10
0.1,2,0.4968280467445743,1.0,1000
0.2,2,0.6040570999248686,1.0,10
0.30000000000000004,2,0.6195792185487333,1.0,10
0.4,2,0.6474712068102153,1.0,10
0.5,2,0.6754807692307693,1.0,10
0.6,2,0.6919609316303531,1.0,10
0.7000000000000001,2,0.7167167167167167,0.9480240549828178,1
0.8,2,0.7282282282282282,0.9455092070650132,1
0.9,2,0.7507507507507507,0.9405477621910487,1
0.1,3,0.5599332220367279,0.9879518072289156,1
0.2,3,0.5972952667167544,1.0,10
0.30000000000000004,3,0.6358952340060111,1.0,1000
0.4,3,0.6680020030045067,0.9736842105263158,1
0.5,3,0.6844951923076923,0.9981960312687913,10
0.6,3,0.7024793388429752,0.9974949899799599,10
0.7000000000000001,3,0.7147147147147147,0.997852233676976,10
0.8,3,0.7342342342342343,0.9981210071401728,10
0.9,3,0.7447447447447447,0.9382097528390113,1
0.1,4,0.5115191986644407,1.0,1000
0.2,4,0.5984222389181066,0.9864661654135338,1
0.30000000000000004,4,0.6298840704164878,0.9749498997995992,1
0.4,4,0.656985478217326,0.9669172932330827,1
0.5,4,0.6754807692307693,0.962717979555021,1
0.6,4,0.6972201352366642,1.0,10
0.7000000000000001,4,0.7277277277277278,0.9501718213058419,1
0.8,4,0.7432432432432432,0.9988726042841037,10
0.9,4,0.7597597597597597,0.9979959919839679,10
0.1,5,0.5495826377295493,1.0,10
0.2,5,0.6198347107438017,1.0,10
0.30000000000000004,5,0.6607986260197509,1.0,10
0.4,5,0.6815222834251377,0.9676691729323308,1
0.5,5,0.6947115384615384,0.9591100420926038,1
0.6,5,0.6987227648384673,0.9534068136272545,1
0.7000000000000001,5,0.7107107107107107,0.947594501718213,1
0.8,5,0.7057057057057057,0.9451334084930477,1
0.9,5,0.7297297297297297,0.9378757515030061,1
0.1,6,0.5585976627712855,1.0,1000
0.2,6,0.6141998497370398,1.0,10
0.30000000000000004,6,0.643623872906827,0.9779559118236473,1
0.4,6,0.6619929894842264,0.9721804511278196,1
0.5,6,0.671875,0.963319302465424,1
0.6,6,0.6784372652141247,0.9594188376753507,1
0.7000000000000001,6,0.6846846846846847,0.9501718213058419,1
0.8,6,0.6966966966966966,0.9455092070650132,1
0.9,6,0.7207207207207207,0.9392117568470274,1
0.1,7,0.5636060100166945,1.0,10
0.2,7,0.626220886551465,0.9759398496240601,1
0.30000000000000004,7,0.6582224130528124,0.9679358717434869,1
0.4,7,0.6735102653980971,0.9654135338345865,1
0.5,7,0.6736778846153846,0.9987973541791942,10
0.6,7,0.6964688204357626,0.9594188376753507,1
0.7000000000000001,7,0.7107107107107107,0.9987113402061856,10
0.8,7,0.7252252252252253,0.9492671927846674,1
0.9,7,0.7447447447447447,0.9979959919839679,10
0.1,8,0.5682804674457429,1.0,1000
0.2,8,0.6108189331329827,1.0,10
0.30000000000000004,8,0.6397595534564191,0.9769539078156313,1
0.4,8,0.6730095142714071,0.9992481203007518,10
0.5,8,0.6917067307692307,0.9993986770895971,10
0.6,8,0.7062359128474831,0.9519038076152304,1
0.7000000000000001,8,0.7207207207207207,0.947594501718213,1
0.8,8,0.7192192192192193,0.9977452085682075,10
0.9,8,0.7147147147147147,0.9405477621910487,1
0.1,9,0.5509181969949917,1.0,1000
0.2,9,0.6141998497370398,1.0,100
0.30000000000000004,9,0.6543580936024045,1.0,10
0.4,9,0.6795192789183776,0.9992481203007518,10
0.5,9,0.7145432692307693,0.9597113650030066,1
0.6,9,0.71900826446281,0.9559118236472945,1
0.7000000000000001,9,0.7277277277277278,0.9514604810996563,1
0.8,9,0.7522522522522522,0.9428786170612552,1
0.9,9,0.7447447447447447,0.9408817635270541,1
