ratio,run,cluster_acc,cluster_acc_train,best_C,depth
0.1,0,0.38130217028380636,0.9879518072289156,10.0,0
0.2,0,0.4932381667918858,0.9909774436090225,10.0,0
0.30000000000000004,0,0.5186775440103049,0.9829659318637275,10.0,0
0.4,0,0.5448172258387581,0.937593984962406,1.0,0
0.5,0,0.5558894230769231,0.9350571256764882,1.0,0
0.6,0,0.5732531930879038,0.9293587174348698,1.0,0
0.7000000000000001,0,0.5905905905905906,0.9231099656357389,1.0,0
0.8,0,0.5795795795795796,0.9192033070274332,1.0,0
0.9,0,0.5495495495495496,0.9171676686706747,1.0,0
0.1,1,0.4126878130217028,0.9759036144578314,1.0,0
0.2,1,0.47595792637114953,0.9323308270676691,1.0,0
0.30000000000000004,1,0.5315586088449978,0.9789579158316634,10.0,0
0.4,1,0.5628442663995994,0.9285714285714286,1.0,0
0.5,1,0.5859375,0.9296452194828623,1.0,0
0.6,1,0.5972952667167544,0.9148296593186372,1.0,0
0.7000000000000001,1,0.5895895895895896,0.9179553264604811,1.0,0
0.8,1,0.6021021021021021,0.9161969184517099,1.0,0
0.9,1,0.5825825825825826,0.9138276553106213,1.0,0
0.1,2,0.41235392320534225,0.9879518072289156,10.0,0
0.2,2,0.4800901577761082,0.9774436090225563,10.0,0
0.30000000000000004,2,0.5246887075998282,0.935871743486974,1.0,0
0.4,2,0.5292939409113671,0.9774436090225563,10.0,0
0.5,2,0.5414663461538461,0.9218280216476248,1.0,0
0.6,2,0.5612321562734786,0.9213426853707415,1.0,0
0.7000000000000001,2,0.5615615615615616,0.9209621993127147,1.0,0
0.8,2,0.5840840840840841,0.9203307027433296,1.0,0
0.9,2,0.5975975975975976,0.9138276553106213,1.0,0
0.1,3,0.41969949916527544,0.9548192771084337,1.0,0
0.2,3,0.47858752817430505,0.98796992481203,100.0,0
0.30000000000000004,3,0.5384285100901675,0.9338677354709419,1.0,0
0.4,3,0.5538307461191788,0.9293233082706767,1.0,0
0.5,3,0.5841346153846154,0.926037282020445,1.0,0
0.6,3,0.5905334335086401,0.9784569138276553,10.0,0
0.7000000000000001,3,0.6106106106106106,0.9252577319587629,1.0,0
0.8,3,0.6186186186186187,0.9188275084554679,1.0,0
0.9,3,0.6186186186186187,0.9161656646626587,1.0,0
0.1,4,0.4056761268781302,0.9789156626506024,10.0,0
0.2,4,0.4658151765589782,0.9654135338345865,1.0,0
0.30000000000000004,4,0.5173894375268355,0.9308617234468938,1.0,0
0.4,4,0.5513269904857286,0.9315789473684211,1.0,0
0.5,4,0.5745192307692307,0.9801563439567047,10.0,0
0.6,4,0.5672426746806912,0.9739478957915831,10.0,0
0.7000000000000001,4,0.5885885885885885,0.9222508591065293,1.0,0
0.8,4,0.6006006006006006,0.9195791055993987,1.0,0
0.9,4,0.6156156156156156,0.9158316633266533,1.0,0
0.1,5,0.41636060100166944,0.9367469879518072,1.0,0
0.2,5,0.4793388429752066,0.9413533834586466,1.0,0
0.30000000000000004,5,0.5182481751824818,0.9348697394789579,1.0,0
0.4,5,0.5458187280921382,0.924812030075188,1.0,0
0.5,5,0.5739182692307693,0.9242333132892363,1.0,0
0.6,5,0.585274229902329,0.9248496993987976,1.0,0
0.7000000000000001,5,0.6036036036036037,0.9183848797250859,1.0,0
0.8,5,0.6216216216216216,0.9150695227358137,1.0,0
0.9,5,0.6336336336336337,0.9111556446225785,1.0,0
0.1,6,0.4240400667779633,0.9548192771084337,1.0,0
0.2,6,0.4954921111945905,0.9819548872180451,10.0,0
0.30000000000000004,6,0.5319879776728209,0.9769539078156313,100.0,0
0.4,6,0.5543314972458688,0.9744360902255639,10.0,0
0.5,6,0.5775240384615384,0.9242333132892363,1.0,0
0.6,6,0.6033057851239669,0.9193386773547094,1.0,0
0.7000000000000001,6,0.6076076076076076,0.9179553264604811,1.0,0
0.8,6,0.5975975975975976,0.9146937241638482,1.0,0
0.9,6,0.6036036036036037,0.9114896459585838,1.0,0
0.1,7,0.42103505843071787,0.9608433734939759,1.0,0
0.2,7,0.4823441021788129,0.9533834586466166,1.0,0
0.30000000000000004,7,0.5259768140832976,0.9458917835671342,1.0,0
0.4,7,0.5588382573860792,0.9338345864661655,1.0,0
0.5,7,0.5901442307692307,0.9284425736620565,1.0,0
0.6,7,0.5890308039068369,0.9268537074148296,1.0,0
0.7000000000000001,7,0.6116116116116116,0.9196735395189003,1.0,0
0.8,7,0.6156156156156156,0.9169485155956407,1.0,0
0.9,7,0.6336336336336337,0.9114896459585838,1.0,0
0.1,8,0.40267111853088483,0.963855421686747,1.0,0
0.2,8,0.47145003756574005,0.9849624060150376,10.0,0
0.30000000000000004,8,0.519536281665951,0.9378757515030061,1.0,0
0.4,8,0.5588382573860792,0.9503759398496241,1.0,0
0.5,8,0.5775240384615384,0.9224293445580276,1.0,0
0.6,8,0.5845229151014275,0.9203406813627254,1.0,0
0.7000000000000001,8,0.6066066066066066,0.9166666666666666,1.0,0
0.8,8,0.6051051051051051,0.9146937241638482,1.0,0
0.9,8,0.6066066066066066,0.9124916499665998,1.0,0
0.1,9,0.43639398998330553,0.9548192771084337,1.0,0
0.2,9,0.47746055597295267,0.9789473684210527,10.0,0
0.30000000000000004,9,0.5100901674538428,0.9228456913827655,1.0,0
0.4,9,0.5523284927391087,0.9706766917293234,10.0,0
0.5,9,0.5823317307692307,0.9164161154539988,1.0,0
0.6,9,0.6003005259203607,0.9218436873747495,1.0,0
0.7000000000000001,9,0.6076076076076076,0.9183848797250859,1.0,0
0.8,9,0.6066066066066066,0.9188275084554679,1.0,0
0.9,9,0.6336336336336337,0.9622578490313961,10.0,0
0.1,0,0.4691151919866444,0.9909638554216867,10.0,1
0.2,0,0.5341848234410218,0.9864661654135338,1.0,1
0.30000000000000004,0,0.5564620008587376,0.9829659318637275,1.0,1
0.4,0,0.5648472709063596,0.975187969924812,1.0,1
0.5,0,0.5775240384615384,0.9753457606734817,1.0,1
0.6,0,0.5950413223140496,0.9739478957915831,1.0,1
0.7000000000000001,0,0.6036036036036037,0.9664948453608248,1.0,1
0.8,0,0.5990990990990991,0.9646749342352499,1.0,1
0.9,0,0.5645645645645646,0.9926519706078825,10.0,1
0.1,1,0.4647746243739566,0.9879518072289156,1000.0,1
0.2,1,0.5206611570247934,0.9909774436090225,100.0,1
0.30000000000000004,1,0.5693430656934306,0.9649298597194389,1.0,1
0.4,1,0.5758637956935403,0.9917293233082707,1000.0,1
0.5,1,0.6099759615384616,0.9645219482862297,1.0,1
0.6,1,0.6175807663410969,0.9894789579158316,10.0,1
0.7000000000000001,1,0.6066066066066066,0.9901202749140894,10.0,1
0.8,1,0.6396396396396397,0.9646749342352499,1.0,1
0.9,1,0.6126126126126126,0.960253841015364,1.0,1
0.1,2,0.49449081803005007,0.9909638554216867,10.0,1
0.2,2,0.5368144252441773,0.9819548872180451,1.0,1
0.30000000000000004,2,0.5547445255474452,0.9789579158316634,1.0,1
0.4,2,0.5648472709063596,0.9736842105263158,1.0,1
0.5,2,0.5618990384615384,0.968129885748647,1.0,1
0.6,2,0.574755822689707,0.967434869739479,1.0,1
0.7000000000000001,2,0.5645645645645646,0.9922680412371134,1000.0,1
0.8,2,0.5945945945945946,0.9924840285606915,1000.0,1
0.9,2,0.6306306306306306,0.957247828991316,1.0,1
0.1,3,0.47946577629382303,0.9939759036144579,10.0,1
0.2,3,0.5199098422238918,0.9699248120300752,1.0,1
0.30000000000000004,3,0.5573207385143839,0.9849699398797596,1.0,1
0.4,3,0.5818728092138208,0.9669172932330827,1.0,1
0.5,3,0.6057692307692307,0.9663259170174384,1.0,1
0.6,3,0.6198347107438017,0.9679358717434869,1.0,1
0.7000000000000001,3,0.6326326326326326,0.9669243986254296,1.0,1
0.8,3,0.6396396396396397,0.9924840285606915,10.0,1
0.9,3,0.6306306306306306,0.9916499665998664,10.0,1
0.1,4,0.4721202003338898,0.9879518072289156,10.0,1
0.2,4,0.5202854996243426,0.98796992481203,1.0,1
0.30000000000000004,4,0.5616144267926149,0.9719438877755511,1.0,1
0.4,4,0.586379569354031,0.9706766917293234,1.0,1
0.5,4,0.6027644230769231,0.994588093806374,10.0,1
0.6,4,0.5987978963185575,0.9944889779559118,10.0,1
0.7000000000000001,4,0.6196196196196196,0.9652061855670103,1.0,1
0.8,4,0.6201201201201201,0.963923337091319,1.0,1
0.9,4,0.6456456456456456,0.9609218436873748,1.0,1
0.1,5,0.46143572621035056,0.8132530120481928,0.1,1
0.2,5,0.5184072126220887,0.9714285714285714,1.0,1
0.30000000000000004,5,0.5611850579647918,0.968937875751503,1.0,1
0.4,5,0.5783675513269905,0.9909774436090225,10.0,1
0.5,5,0.5829326923076923,0.9909801563439568,10.0,1
0.6,5,0.594290007513148,0.9909819639278558,10.0,1
0.7000000000000001,5,0.6116116116116116,0.9922680412371134,10.0,1
0.8,5,0.6381381381381381,0.963923337091319,1.0,1
0.9,5,0.6456456456456456,0.9589178356713427,1.0,1
0.1,6,0.4958263772954925,0.9909638554216867,10.0,1
0.2,6,0.5349361382419233,0.9894736842105263,10.0,1
0.30000000000000004,6,0.5740661227994848,0.9889779559118237,100.0,1
0.4,6,0.5928893340010015,0.9669172932330827,1.0,1
0.5,6,0.5961538461538461,0.9915814792543596,1000.0,1
0.6,6,0.6198347107438017,0.9909819639278558,1000.0,1
0.7000000000000001,6,0.6106106106106106,0.9789518900343642,1.0,1
0.8,6,0.5960960960960962,0.9620443442314919,1.0,1
0.9,6,0.6066066066066066,0.9916499665998664,10.0,1
0.1,7,0.47946577629382303,0.9849397590361446,1.0,1
0.2,7,0.5300525920360631,0.9894736842105263,100.0,1
0.30000000000000004,7,0.5775010734220696,0.9729458917835672,1.0,1
0.4,7,0.5938908362543815,0.9736842105263158,1.0,1
0.5,7,0.6081730769230769,0.968129885748647,1.0,1
0.6,7,0.6040570999248686,0.9664328657314629,1.0,1
0.7000000000000001,7,0.6256256256256256,0.9634879725085911,1.0,1
0.8,7,0.6351351351351351,0.9612927470875611,1.0,1
0.9,7,0.6306306306306306,0.991315965263861,10.0,1
0.1,8,0.46410684474123537,0.9939759036144579,10.0,1
0.2,8,0.5311795642374155,0.9789473684210527,1.0,1
0.30000000000000004,8,0.5603263203091455,0.9769539078156313,1.0,1
0.4,8,0.584877315973961,0.9834586466165414,1.0,1
0.5,8,0.609375,0.9657245941070355,1.0,1
0.6,8,0.6070623591284748,0.9904809619238477,10.0,1
0.7000000000000001,8,0.6196196196196196,0.9639175257731959,1.0,1
0.8,8,0.6306306306306306,0.9609169485155956,1.0,1
0.9,8,0.6096096096096096,0.960253841015364,1.0,1
0.1,9,0.4914858096828047,0.9939759036144579,10.0,1
0.2,9,0.5187828700225394,0.9744360902255639,1.0,1
0.30000000000000004,9,0.5556032632030915,0.9679358717434869,1.0,1
0.4,9,0.5823735603405108,0.9646616541353383,1.0,1
0.5,9,0.5961538461538461,0.9903788334335538,10.0,1
0.6,9,0.6100676183320811,0.9919839679358717,10.0,1
0.7000000000000001,9,0.6076076076076076,0.9918384879725086,10.0,1
0.8,9,0.6081081081081081,0.9913566328447951,10.0,1
0.9,9,0.6246246246246246,0.991315965263861,10.0,1
0.1,0,0.4988313856427379,0.9849397590361446,1.0,2
0.2,0,0.5334335086401202,0.9909774436090225,10.0,2
0.30000000000000004,0,0.5452984113353371,0.9789579158316634,1.0,2
0.4,0,0.5758637956935403,0.9939849624060151,10.0,2
0.5,0,0.5769230769230769,0.9933854479855683,10.0,2
0.6,0,0.5815176558978212,0.9649298597194389,1.0,2
0.7000000000000001,0,0.5985985985985987,0.993127147766323,10.0,2
0.8,0,0.5870870870870871,0.9932356257046223,10.0,2
0.9,0,0.5675675675675675,0.9926519706078825,10.0,2
0.1,1,0.48146911519198665,0.9879518072289156,1.0,2
0.2,1,0.5334335086401202,0.9909774436090225,10.0,2
0.30000000000000004,1,0.5620437956204379,0.966933867735471,1.0,2
0.4,1,0.5703555332999499,0.9601503759398496,1.0,2
0.5,1,0.6027644230769231,0.9897775105231509,10.0,2
0.6,1,0.6145755071374907,0.9894789579158316,10.0,2
0.7000000000000001,1,0.6096096096096096,0.9901202749140894,10.0,2
0.8,1,0.6201201201201201,0.9909808342728298,10.0,2
0.9,1,0.5735735735735735,0.9542418169672678,1.0,2
0.1,2,0.5128547579298831,0.9909638554216867,1.0,2
0.2,2,0.5477084898572502,0.9759398496240601,1.0,2
0.30000000000000004,2,0.5646200085873766,0.9929859719438878,10.0,2
0.4,2,0.5728592889334001,0.969172932330827,1.0,2
0.5,2,0.5661057692307693,0.947083583884546,1.0,2
0.6,2,0.5672426746806912,0.9629258517034068,1.0,2
0.7000000000000001,2,0.5625625625625625,0.9579037800687286,1.0,2
0.8,2,0.5960960960960962,0.9924840285606915,10.0,2
0.9,2,0.6036036036036037,0.9549098196392786,1.0,2
0.1,3,0.5065108514190317,0.9939759036144579,10.0,2
0.2,3,0.5368144252441773,0.9714285714285714,1.0,2
0.30000000000000004,3,0.5594675826534994,0.9869739478957916,1.0,2
0.4,3,0.5813720580871307,0.9924812030075187,10.0,2
0.5,3,0.6015625,0.962717979555021,1.0,2
0.6,3,0.6018031555221638,0.967434869739479,1.0,2
0.7000000000000001,3,0.6256256256256256,0.9926975945017182,10.0,2
0.8,3,0.6261261261261262,0.9853438556933484,1.0,2
0.9,3,0.6306306306306306,0.9916499665998664,10.0,2
0.1,4,0.4751252086811352,0.7650602409638554,0.1,2
0.2,4,0.5323065364387678,0.9789473684210527,1.0,2
0.30000000000000004,4,0.5620437956204379,0.9799599198396793,1.0,2
0.4,4,0.586379569354031,0.9639097744360903,1.0,2
0.5,4,0.6075721153846154,0.9663259170174384,1.0,2
0.6,4,0.6100676183320811,0.9944889779559118,10.0,2
0.7000000000000001,4,0.6196196196196196,0.993127147766323,10.0,2
0.8,4,0.6096096096096096,0.9586621570838031,1.0,2
0.9,4,0.6336336336336337,0.9919839679358717,10.0,2
0.1,5,0.48547579298831384,0.8373493975903614,0.1,2
0.2,5,0.5311795642374155,0.9729323308270676,1.0,2
0.30000000000000004,5,0.5525976814083298,0.9929859719438878,100.0,2
0.4,5,0.5778668002003005,0.9909774436090225,10.0,2
0.5,5,0.5901442307692307,0.9909801563439568,10.0,2
0.6,5,0.6010518407212622,0.9909819639278558,10.0,2
0.7000000000000001,5,0.6136136136136137,0.9922680412371134,10.0,2
0.8,5,0.6216216216216216,0.9917324314167606,10.0,2
0.9,5,0.6276276276276276,0.9542418169672678,1.0,2
0.1,6,0.5165275459098497,0.9909638554216867,10.0,2
0.2,6,0.5439519158527423,0.9894736842105263,10.0,2
0.30000000000000004,6,0.5706311721769,0.9889779559118237,100.0,2
0.4,6,0.5893840761141712,0.9699248120300752,1.0,2
0.5,6,0.5991586538461539,0.9915814792543596,1000.0,2
0.6,6,0.628099173553719,0.9909819639278558,1000.0,2
0.7000000000000001,6,0.6236236236236237,0.9901202749140894,10.0,2
0.8,6,0.6021021021021021,0.9906050357008643,10.0,2
0.9,6,0.6156156156156156,0.9555778223112893,1.0,2
0.1,7,0.49449081803005007,0.9909638554216867,1000.0,2
0.2,7,0.5304282494365139,0.98796992481203,10.0,2
0.30000000000000004,7,0.5740661227994848,0.9749498997995992,1.0,2
0.4,7,0.5783675513269905,0.9714285714285714,1.0,2
0.5,7,0.6015625,0.9645219482862297,1.0,2
0.6,7,0.6003005259203607,0.9619238476953907,1.0,2
0.7000000000000001,7,0.6176176176176176,0.9583333333333334,1.0,2
0.8,7,0.6186186186186187,0.9909808342728298,10.0,2
0.9,7,0.6306306306306306,0.991315965263861,10.0,2
0.1,8,0.49181969949916526,0.9668674698795181,1.0,2
0.2,8,0.5353117956423742,0.9804511278195489,1.0,2
0.30000000000000004,8,0.562473164448261,0.9779559118236473,1.0,2
0.4,8,0.585878818227341,0.9857142857142858,1.0,2
0.5,8,0.6039663461538461,0.9837642814191221,1.0,2
0.6,8,0.6040570999248686,0.9679358717434869,1.0,2
0.7000000000000001,8,0.6156156156156156,0.968213058419244,1.0,2
0.8,8,0.6261261261261262,0.9906050357008643,10.0,2
0.9,8,0.6006006006006006,0.991315965263861,10.0,2
0.1,9,0.4928213689482471,0.8042168674698795,0.1,2
0.2,9,0.5420736288504884,0.9894736842105263,10.0,2
0.30000000000000004,9,0.5568913696865607,0.9889779559118237,10.0,2
0.4,9,0.5923885828743115,0.9909774436090225,10.0,2
0.5,9,0.6063701923076923,0.9903788334335538,1000.0,2
0.6,9,0.6153268219383922,0.9919839679358717,1000.0,2
0.7000000000000001,9,0.6116116116116116,0.9918384879725086,10.0,2
0.8,9,0.6096096096096096,0.9913566328447951,10.0,2
0.9,9,0.6186186186186187,0.991315965263861,10.0,2
