ratio,run,cluster_acc,cluster_acc_train,best_C,depth
0.1,0,0.22136894824707845,0.4006024096385542,1.0,0
0.2,0,0.32569496619083393,0.5338345864661654,10.0,0
0.30000000000000004,0,0.3829969944182052,0.591182364729459,1.0,0
0.4,0,0.4296444667000501,0.675187969924812,1.0,0
0.5,0,0.43990384615384615,0.7276007215874924,1.0,0
0.6,0,0.48159278737791134,0.7750501002004008,1.0,0
0.7000000000000001,0,0.5265265265265265,0.8088487972508591,1.0,0
0.8,0,0.5405405405405406,0.84141300263059,1.0,0
0.9,0,0.5495495495495496,0.8814295257181028,1.0,0
0.1,1,0.22404006677796326,0.2710843373493976,0.1,0
0.2,1,0.2986476333583772,0.4917293233082707,100.0,0
0.30000000000000004,1,0.3769858308286818,0.5731462925851704,1.0,0
0.4,1,0.43314972458688034,0.6466165413533834,1.0,0
0.5,1,0.4777644230769231,0.6981358989777511,1.0,0
0.6,1,0.49436513899323814,0.7890781563126252,10.0,0
0.7000000000000001,1,0.5235235235235235,0.8049828178694158,1.0,0
0.8,1,0.56006006006006,0.8478015783540023,1.0,0
0.9,1,0.5675675675675675,0.8810955243820975,1.0,0
0.1,2,0.24808013355592654,0.3885542168674699,1.0,0
0.2,2,0.2963936889556724,0.49022556390977445,1.0,0
0.30000000000000004,2,0.35251180764276513,0.5901803607214429,1.0,0
0.4,2,0.41812719078617927,0.6661654135338346,1.0,0
0.5,2,0.45132211538461536,0.7269993986770896,1.0,0
0.6,2,0.49361382419233657,0.7730460921843687,1.0,0
0.7000000000000001,2,0.5035035035035035,0.8178694158075601,1.0,0
0.8,2,0.539039039039039,0.8508079669297257,1.0,0
0.9,2,0.5855855855855856,0.8790915163660654,1.0,0
0.1,3,0.21302170283806343,0.3253012048192771,1.0,0
0.2,3,0.31555221637866265,0.48270676691729325,1.0,0
0.30000000000000004,3,0.3696865607556891,0.5891783567134269,1.0,0
0.4,3,0.4156234351527291,0.650375939849624,1.0,0
0.5,3,0.4735576923076923,0.7029464822609741,1.0,0
0.6,3,0.4966190833959429,0.7610220440881763,1.0,0
0.7000000000000001,3,0.5535535535535535,0.8079896907216495,1.0,0
0.8,3,0.5690690690690691,0.8474257797820368,1.0,0
0.9,3,0.6096096096096096,0.8847695390781564,1.0,0
0.1,4,0.25275459098497494,0.39759036144578314,1.0,0
0.2,4,0.3106686701728024,0.49473684210526314,1.0,0
0.30000000000000004,4,0.37526835551738946,0.5691382765531062,1.0,0
0.4,4,0.4261392088132198,0.6954887218045113,10.0,0
0.5,4,0.47115384615384615,0.7065544197233915,1.0,0
0.6,4,0.5048835462058603,0.8081162324649298,10.0,0
0.7000000000000001,4,0.5495495495495496,0.8213058419243986,1.0,0
0.8,4,0.581081081081081,0.856444945509207,1.0,0
0.9,4,0.5825825825825826,0.9328657314629258,10.0,0
0.1,5,0.24707846410684475,0.37349397590361444,10.0,0
0.2,5,0.3005259203606311,0.4631578947368421,1.0,0
0.30000000000000004,5,0.36195792185487335,0.5511022044088176,1.0,0
0.4,5,0.40761141712568855,0.6255639097744361,1.0,0
0.5,5,0.45853365384615385,0.6867107636800962,1.0,0
0.6,5,0.5146506386175808,0.750501002004008,1.0,0
0.7000000000000001,5,0.5485485485485485,0.7972508591065293,1.0,0
0.8,5,0.5960960960960962,0.8489289740698985,1.0,0
0.9,5,0.6216216216216216,0.8770875083500334,1.0,0
0.1,6,0.22437395659432388,0.2560240963855422,0.001,0
0.2,6,0.3279489105935387,0.5037593984962406,1.0,0
0.30000000000000004,6,0.38557320738514383,0.6072144288577155,10.0,0
0.4,6,0.4296444667000501,0.6796992481203008,10.0,0
0.5,6,0.4765625,0.751052315093205,1000.0,0
0.6,6,0.5033809166040571,0.7585170340681363,1.0,0
0.7000000000000001,6,0.5325325325325325,0.804553264604811,1.0,0
0.8,6,0.551051051051051,0.8455467869222097,1.0,0
0.9,6,0.5855855855855856,0.9335337341349366,10.0,0
0.1,7,0.2270450751252087,0.286144578313253,0.1,0
0.2,7,0.2787377911344853,0.43157894736842106,1.0,0
0.30000000000000004,7,0.33147273507943326,0.5551102204408818,10.0,0
0.4,7,0.4186279419128693,0.6210526315789474,1.0,0
0.5,7,0.46814903846153844,0.6909200240529164,1.0,0
0.6,7,0.5101427498121713,0.7464929859719439,1.0,0
0.7000000000000001,7,0.5625625625625625,0.8036941580756014,1.0,0
0.8,7,0.5870870870870871,0.846674182638106,1.0,0
0.9,7,0.6186186186186187,0.8770875083500334,1.0,0
0.1,8,0.24974958263772956,0.4307228915662651,1000.0,0
0.2,8,0.30540946656649137,0.49624060150375937,1.0,0
0.30000000000000004,8,0.3696865607556891,0.5711422845691383,1.0,0
0.4,8,0.44516775162744116,0.650375939849624,1.0,0
0.5,8,0.4879807692307692,0.7173782321106434,1.0,0
0.6,8,0.5131480090157776,0.7665330661322646,1.0,0
0.7000000000000001,8,0.5465465465465466,0.8071305841924399,1.0,0
0.8,8,0.56006006006006,0.8910184141300264,10.0,0
0.9,8,0.5825825825825826,0.8777555110220441,1.0,0
0.1,9,0.1742904841402337,0.22289156626506024,0.001,0
0.2,9,0.3065364387678437,0.4496240601503759,1.0,0
0.30000000000000004,9,0.3787033061399742,0.6052104208416834,10.0,0
0.4,9,0.43214822233350025,0.6518796992481203,1.0,0
0.5,9,0.47896634615384615,0.751052315093205,10.0,0
0.6,9,0.5349361382419233,0.8221442885771543,10.0,0
0.7000000000000001,9,0.5685685685685685,0.8221649484536082,1.0,0
0.8,9,0.5825825825825826,0.856444945509207,1.0,0
0.9,9,0.6156156156156156,0.9308617234468938,10.0,0
0.1,0,0.3666110183639399,0.5632530120481928,1.0,1
0.2,0,0.4526671675432006,0.7127819548872181,1.0,1
0.30000000000000004,0,0.5023615285530271,0.7705410821643287,1.0,1
0.4,0,0.5277916875312969,0.8233082706766918,1.0,1
0.5,0,0.5330528846153846,0.8562838244137102,1.0,1
0.6,0,0.5672426746806912,0.9283567134268537,10.0,1
0.7000000000000001,0,0.5705705705705706,0.9463058419243986,10.0,1
0.8,0,0.566066066066066,0.9616685456595265,10.0,1
0.9,0,0.5405405405405406,0.9819639278557114,1000.0,1
0.1,1,0.3392320534223706,0.6024096385542169,10.0,1
0.2,1,0.43726521412471825,0.7037593984962406,10.0,1
0.30000000000000004,1,0.5092314297981967,0.7535070140280561,1.0,1
0.4,1,0.5358037055583375,0.8180451127819549,1.0,1
0.5,1,0.5691105769230769,0.8448586891160553,1.0,1
0.6,1,0.5860255447032306,0.875751503006012,1.0,1
0.7000000000000001,1,0.5895895895895896,0.9042096219931272,1.0,1
0.8,1,0.6216216216216216,0.9270950770387073,1.0,1
0.9,1,0.6036036036036037,0.9402137608550434,1.0,1
0.1,2,0.35358931552587647,0.5451807228915663,1.0,1
0.2,2,0.4492862509391435,0.7022556390977444,1.0,1
0.30000000000000004,2,0.48948046371833404,0.779559118236473,1.0,1
0.4,2,0.5302954431647471,0.8338345864661654,1.0,1
0.5,2,0.5300480769230769,0.8562838244137102,1.0,1
0.6,2,0.5447032306536439,0.9328657314629258,10.0,1
0.7000000000000001,2,0.5495495495495496,0.9497422680412371,10.0,1
0.8,2,0.581081081081081,0.9259676813228109,1.0,1
0.9,2,0.6156156156156156,0.9412157648630595,1.0,1
0.1,3,0.37996661101836393,0.5933734939759037,1.0,1
0.2,3,0.44214876033057854,0.7593984962406015,100.0,1
0.30000000000000004,3,0.48175182481751827,0.782565130260521,1.0,1
0.4,3,0.5302954431647471,0.8744360902255639,10.0,1
0.5,3,0.5643028846153846,0.8610944076969332,1.0,1
0.6,3,0.5860255447032306,0.8872745490981964,1.0,1
0.7000000000000001,3,0.6236236236236237,0.9170962199312714,1.0,1
0.8,3,0.6261261261261262,0.9323562570462233,1.0,1
0.9,3,0.6246246246246246,0.9799599198396793,10.0,1
0.1,4,0.3622704507512521,0.5963855421686747,1.0,1
0.2,4,0.44402704733283244,0.6887218045112782,1.0,1
0.30000000000000004,4,0.49248604551309577,0.7635270541082164,1.0,1
0.4,4,0.5358037055583375,0.8278195488721805,1.0,1
0.5,4,0.5655048076923077,0.8653036680697535,1.0,1
0.6,4,0.5785123966942148,0.8897795591182365,1.0,1
0.7000000000000001,4,0.6066066066066066,0.9574742268041238,10.0,1
0.8,4,0.6126126126126126,0.9297256670424653,1.0,1
0.9,4,0.6336336336336337,0.9792919171676687,10.0,1
0.1,5,0.37161936560934894,0.5813253012048193,1.0,1
0.2,5,0.4297520661157025,0.6736842105263158,1.0,1
0.30000000000000004,5,0.46930012881064836,0.751503006012024,1.0,1
0.4,5,0.5247871807711567,0.8105263157894737,1.0,1
0.5,5,0.5396634615384616,0.8959711365003007,10.0,1
0.6,5,0.5522163786626596,0.9253507014028056,10.0,1
0.7000000000000001,5,0.5895895895895896,0.9080756013745704,1.0,1
0.8,5,0.5990990990990991,0.9654265313791808,10.0,1
0.9,5,0.6426426426426426,0.9432197728790915,1.0,1
0.1,6,0.3469115191986644,0.5813253012048193,1.0,1
0.2,6,0.4507888805409467,0.7142857142857143,1.0,1
0.30000000000000004,6,0.5092314297981967,0.7655310621242485,1.0,1
0.4,6,0.5322984476715072,0.8240601503759398,1.0,1
0.5,6,0.5606971153846154,0.8562838244137102,1.0,1
0.6,6,0.5807663410969196,0.9278557114228457,10.0,1
0.7000000000000001,6,0.5905905905905906,0.9072164948453608,1.0,1
0.8,6,0.5900900900900901,0.9285982713265689,1.0,1
0.9,6,0.5975975975975976,0.9448897795591182,1.0,1
0.1,7,0.35692821368948247,0.5602409638554217,1.0,1
0.2,7,0.42111194590533435,0.6511278195488722,1.0,1
0.30000000000000004,7,0.485186775440103,0.7454909819639278,1.0,1
0.4,7,0.5182774161241863,0.8390977443609022,10.0,1
0.5,7,0.5643028846153846,0.8562838244137102,1.0,1
0.6,7,0.5875281743050338,0.8937875751503006,1.0,1
0.7000000000000001,7,0.6166166166166166,0.9153780068728522,1.0,1
0.8,7,0.6126126126126126,0.9673055242390078,10.0,1
0.9,7,0.6276276276276276,0.978623914495658,10.0,1
0.1,8,0.36894824707846413,0.608433734939759,1.0,1
0.2,8,0.43726521412471825,0.7233082706766917,1.0,1
0.30000000000000004,8,0.47831687419493346,0.7665330661322646,1.0,1
0.4,8,0.528793189784677,0.8428571428571429,1.0,1
0.5,8,0.5588942307692307,0.8989777510523151,10.0,1
0.6,8,0.5687453042824944,0.9263527054108216,10.0,1
0.7000000000000001,8,0.5955955955955956,0.9119415807560137,1.0,1
0.8,8,0.6141141141141141,0.9263434798947764,1.0,1
0.9,8,0.6186186186186187,0.9422177688710754,1.0,1
0.1,9,0.38530884808013355,0.608433734939759,1.0,1
0.2,9,0.44064613072877534,0.7112781954887218,1.0,1
0.30000000000000004,9,0.48303993130098755,0.7665330661322646,1.0,1
0.4,9,0.5338007010515774,0.8082706766917294,1.0,1
0.5,9,0.5498798076923077,0.8971737823211064,10.0,1
0.6,9,0.5837716003005259,0.9298597194388778,10.0,1
0.7000000000000001,9,0.5995995995995996,0.9115120274914089,1.0,1
0.8,9,0.6081081081081081,0.9289740698985344,1.0,1
0.9,9,0.6456456456456456,0.9452237808951236,1.0,1
0.1,0,0.41335559265442406,0.7650602409638554,100.0,2
0.2,0,0.4954921111945905,0.8045112781954887,1.0,2
0.30000000000000004,0,0.5358522971232289,0.8306613226452906,1.0,2
0.4,0,0.5513269904857286,0.862406015037594,1.0,2
0.5,0,0.5546875,0.889356584485869,1.0,2
0.6,0,0.5679939894815927,0.9418837675350702,10.0,2
0.7000000000000001,0,0.5775775775775776,0.9510309278350515,10.0,2
0.8,0,0.5630630630630631,0.9642991356632845,10.0,2
0.9,0,0.5555555555555556,0.9822979291917168,10.0,2
0.1,1,0.40801335559265445,0.4939759036144578,0.1,2
0.2,1,0.4898572501878287,0.7563909774436091,1.0,2
0.30000000000000004,1,0.5272649205667669,0.6352705410821643,0.1,2
0.4,1,0.5332999499248874,0.6714285714285714,0.1,2
0.5,1,0.5841346153846154,0.8755261575466026,1.0,2
0.6,1,0.6093163035311796,0.9093186372745491,1.0,2
0.7000000000000001,1,0.6026026026026026,0.9166666666666666,1.0,2
0.8,1,0.6231231231231231,0.9255918827508456,1.0,2
0.9,1,0.5795795795795796,0.9365397461589846,1.0,2
0.1,2,0.44073455759599334,0.6837349397590361,1.0,2
0.2,2,0.5078888054094666,0.793984962406015,1.0,2
0.30000000000000004,2,0.5259768140832976,0.8326653306613226,1.0,2
0.4,2,0.5458187280921382,0.8977443609022556,10.0,2
0.5,2,0.5444711538461539,0.9194227300060133,10.0,2
0.6,2,0.5386927122464312,0.9418837675350702,10.0,2
0.7000000000000001,2,0.5565565565565566,0.9291237113402062,1.0,2
0.8,2,0.5735735735735735,0.9684329199549042,10.0,2
0.9,2,0.6126126126126126,0.9382097528390113,1.0,2
0.1,3,0.4427378964941569,0.6897590361445783,1.0,2
0.2,3,0.459053343350864,0.5954887218045113,0.1,2
0.30000000000000004,3,0.5105195362816659,0.8366733466933868,1.0,2
0.4,3,0.5498247371056585,0.8977443609022556,10.0,2
0.5,3,0.5787259615384616,0.8923631990378833,1.0,2
0.6,3,0.5882794891059354,0.9103206412825652,1.0,2
0.7000000000000001,3,0.6206206206206206,0.959192439862543,10.0,2
0.8,3,0.6216216216216216,0.9432544156332205,1.0,2
0.9,3,0.6276276276276276,0.9565798263193053,1.0,2
0.1,4,0.4280467445742905,0.6716867469879518,1.0,2
0.2,4,0.49135987978963186,0.762406015037594,1.0,2
0.30000000000000004,4,0.5259768140832976,0.8196392785571143,1.0,2
0.4,4,0.5623435152729094,0.8609022556390977,1.0,2
0.5,4,0.5889423076923077,0.8953698135898978,1.0,2
0.6,4,0.5897821187077386,0.87625250501002,1.0,2
0.7000000000000001,4,0.6256256256256256,0.9600515463917526,10.0,2
0.8,4,0.6126126126126126,0.9285982713265689,1.0,2
0.9,4,0.6306306306306306,0.979625918503674,10.0,2
0.1,5,0.4377295492487479,0.6987951807228916,1.0,2
0.2,5,0.47783621337340343,0.762406015037594,1.0,2
0.30000000000000004,5,0.5165306998711894,0.8176352705410822,1.0,2
0.4,5,0.5463194792188283,0.8639097744360902,1.0,2
0.5,5,0.5582932692307693,0.9146121467227901,10.0,2
0.6,5,0.5770097670924117,0.906813627254509,1.0,2
0.7000000000000001,5,0.5895895895895896,0.9536082474226805,10.0,2
0.8,5,0.6036036036036037,0.9673055242390078,100.0,2
0.9,5,0.6276276276276276,0.978623914495658,10.0,2
0.1,6,0.4370617696160267,0.6957831325301205,1.0,2
0.2,6,0.48760330578512395,0.8165413533834587,10.0,2
0.30000000000000004,6,0.5216831258050666,0.8577154308617234,10.0,2
0.4,6,0.5528292438657987,0.8924812030075188,10.0,2
0.5,6,0.5745192307692307,0.8827420324714371,1.0,2
0.6,6,0.5950413223140496,0.906312625250501,1.0,2
0.7000000000000001,6,0.6026026026026026,0.9506013745704467,10.0,2
0.8,6,0.5945945945945946,0.9406238256294626,1.0,2
0.9,6,0.6156156156156156,0.9799599198396793,10.0,2
0.1,7,0.4313856427378965,0.6656626506024096,1.0,2
0.2,7,0.4894815927873779,0.7578947368421053,1.0,2
0.30000000000000004,7,0.528123658222413,0.842685370741483,10.0,2
0.4,7,0.5528292438657987,0.856390977443609,1.0,2
0.5,7,0.5661057692307693,0.9116055321707757,100.0,2
0.6,7,0.5807663410969196,0.9008016032064128,1.0,2
0.7000000000000001,7,0.6046046046046046,0.9175257731958762,1.0,2
0.8,7,0.6111111111111112,0.9684329199549042,10.0,2
0.9,7,0.6096096096096096,0.9789579158316634,10.0,2
0.1,8,0.4310517529215359,0.6897590361445783,1.0,2
0.2,8,0.49586776859504134,0.7969924812030075,1.0,2
0.30000000000000004,8,0.5332760841562902,0.8256513026052105,1.0,2
0.4,8,0.57135703555333,0.8766917293233083,1.0,2
0.5,8,0.5829326923076923,0.8947684906794949,1.0,2
0.6,8,0.5920360631104433,0.9098196392785571,1.0,2
0.7000000000000001,8,0.6066066066066066,0.9239690721649485,1.0,2
0.8,8,0.6231231231231231,0.9661781285231116,10.0,2
0.9,8,0.6126126126126126,0.9772879091516367,10.0,2
0.1,9,0.45008347245409014,0.7590361445783133,10.0,2
0.2,9,0.49361382419233657,0.8105263157894737,10.0,2
0.30000000000000004,9,0.5092314297981967,0.8156312625250501,1.0,2
0.4,9,0.5503254882323485,0.837593984962406,1.0,2
0.5,9,0.5655048076923077,0.8659049909801564,1.0,2
0.6,9,0.585274229902329,0.9378757515030061,10.0,2
0.7000000000000001,9,0.6006006006006006,0.9557560137457045,10.0,2
0.8,9,0.5990990990990991,0.9703119128147313,10.0,2
0.9,9,0.6186186186186187,0.9812959251837008,10.0,2
0.1,0,0.4604340567612688,0.7801204819277109,1.0,3
0.2,0,0.49211119459053343,0.8601503759398497,10.0,3
0.30000000000000004,0,0.5178188063546586,0.842685370741483,1.0,3
0.4,0,0.5242864296444667,0.9037593984962407,100.0,3
0.5,0,0.5378605769230769,0.8875526157546603,1.0,3
0.6,0,0.5589782118707739,0.9423847695390781,10.0,3
0.7000000000000001,0,0.5685685685685685,0.9514604810996563,10.0,3
0.8,0,0.5540540540540541,0.912814731304021,1.0,3
0.9,0,0.5555555555555556,0.9822979291917168,10.0,3
0.1,1,0.4320534223706177,0.5753012048192772,0.1,3
0.2,1,0.49586776859504134,0.7984962406015037,10.0,3
0.30000000000000004,1,0.5324173465006441,0.6743486973947895,0.1,3
0.4,1,0.5338007010515774,0.7015037593984963,0.1,3
0.5,1,0.5739182692307693,0.8833433553818401,1.0,3
0.6,1,0.5987978963185575,0.906813627254509,1.0,3
0.7000000000000001,1,0.5905905905905906,0.9145189003436426,1.0,3
0.8,1,0.5975975975975976,0.9627959413754228,10.0,3
0.9,1,0.5615615615615616,0.9395457581830328,1.0,3
0.1,2,0.47445742904841404,0.7439759036144579,1.0,3
0.2,2,0.5120210368144252,0.8045112781954887,1.0,3
0.30000000000000004,2,0.5375697724345213,0.8396793587174348,1.0,3
0.4,2,0.5523284927391087,0.850375939849624,1.0,3
0.5,2,0.5534855769230769,0.9224293445580276,10.0,3
0.6,2,0.5454545454545454,0.9433867735470942,10.0,3
0.7000000000000001,2,0.5565565565565566,0.9557560137457045,10.0,3
0.8,2,0.5795795795795796,0.9684329199549042,10.0,3
0.9,2,0.6186186186186187,0.9595858383433534,1.0,3
0.1,3,0.47545909849749585,0.5391566265060241,0.1,3
0.2,3,0.49173553719008267,0.8120300751879699,1.0,3
0.30000000000000004,3,0.5229712322885358,0.8587174348697395,1.0,3
0.4,3,0.556835252879319,0.9052631578947369,10.0,3
0.5,3,0.5631009615384616,0.7155742633794347,0.1,3
0.6,3,0.5867768595041323,0.9288577154308617,1.0,3
0.7000000000000001,3,0.6156156156156156,0.9536082474226805,1.0,3
0.8,3,0.6096096096096096,0.9703119128147313,10.0,3
0.9,3,0.6186186186186187,0.9809619238476954,10.0,3
0.1,4,0.4507512520868113,0.5210843373493976,0.1,3
0.2,4,0.5093914350112697,0.7984962406015037,1.0,3
0.30000000000000004,4,0.5225418634607127,0.6172344689378757,0.1,3
0.4,4,0.556835252879319,0.9030075187969925,10.0,3
0.5,4,0.5865384615384616,0.8869512928442573,1.0,3
0.6,4,0.5965439519158527,0.9463927855711423,100.0,3
0.7000000000000001,4,0.6196196196196196,0.961340206185567,10.0,3
0.8,4,0.6081081081081081,0.9684329199549042,10.0,3
0.9,4,0.6426426426426426,0.979625918503674,10.0,3
0.1,5,0.4634390651085142,0.5903614457831325,0.1,3
0.2,5,0.4939894815927874,0.8015037593984963,1.0,3
0.30000000000000004,5,0.5294117647058824,0.8406813627254509,1.0,3
0.4,5,0.5378067100650976,0.868421052631579,1.0,3
0.5,5,0.5498798076923077,0.9170174383644016,10.0,3
0.6,5,0.5619834710743802,0.93687374749499,100.0,3
0.7000000000000001,5,0.5915915915915916,0.9544673539518901,10.0,3
0.8,5,0.6021021021021021,0.9673055242390078,10.0,3
0.9,5,0.6156156156156156,0.978623914495658,1000.0,3
0.1,6,0.4704507512520868,0.7590361445783133,1.0,3
0.2,6,0.512396694214876,0.8150375939849624,1.0,3
0.30000000000000004,6,0.52769428939459,0.6232464929859719,0.1,3
0.4,6,0.5513269904857286,0.8984962406015038,10.0,3
0.5,6,0.5637019230769231,0.920625375826819,100.0,3
0.6,6,0.5837716003005259,0.9178356713426854,1.0,3
0.7000000000000001,6,0.5905905905905906,0.9286941580756014,1.0,3
0.8,6,0.5900900900900901,0.9432544156332205,1.0,3
0.9,6,0.6036036036036037,0.960253841015364,1.0,3
0.1,7,0.4647746243739566,0.5512048192771084,0.1,3
0.2,7,0.5093914350112697,0.5924812030075188,0.1,3
0.30000000000000004,7,0.544869042507514,0.8527054108216433,10.0,3
0.4,7,0.5588382573860792,0.8699248120300752,1.0,3
0.5,7,0.5751201923076923,0.915213469633193,10.0,3
0.6,7,0.5777610818933133,0.906312625250501,1.0,3
0.7000000000000001,7,0.6016016016016016,0.9222508591065293,1.0,3
0.8,7,0.6051051051051051,0.9688087185268696,1000.0,3
0.9,7,0.6006006006006006,0.9789579158316634,10.0,3
0.1,8,0.4550918196994992,0.75,1.0,3
0.2,8,0.5078888054094666,0.8105263157894737,1.0,3
0.30000000000000004,8,0.5478746243022756,0.8466933867735471,1.0,3
0.4,8,0.5688532799198798,0.8849624060150376,1.0,3
0.5,8,0.5763221153846154,0.9079975947083584,1.0,3
0.6,8,0.5950413223140496,0.9298597194388778,1.0,3
0.7000000000000001,8,0.6106106106106106,0.9510309278350515,10.0,3
0.8,8,0.6246246246246246,0.9661781285231116,10.0,3
0.9,8,0.6096096096096096,0.9772879091516367,10.0,3
0.1,9,0.45876460767946575,0.7981927710843374,1000.0,3
0.2,9,0.4894815927873779,0.8285714285714286,1000.0,3
0.30000000000000004,9,0.5173894375268355,0.8647294589178357,100.0,3
0.4,9,0.556835252879319,0.8413533834586466,1.0,3
0.5,9,0.5703125,0.9164161154539988,10.0,3
0.6,9,0.5927873779113448,0.9393787575150301,10.0,3
0.7000000000000001,9,0.6016016016016016,0.8973367697594502,1.0,3
0.8,9,0.6021021021021021,0.9331078541901541,1.0,3
0.9,9,0.6126126126126126,0.9435537742150969,1.0,3
