wvrn_acc,wvrn_std,ratio,nlb_acc,nlb_std
0.575310298557531,0.014639362942236963,0.1,0.24823884602482393,0.07837488044572244
0.6192075471698113,0.010476484825856228,0.2,0.34456603773584904,0.07557465723446558
0.6497842968075926,0.0073262915324775885,0.30000000000000004,0.4274805867126834,0.07324412863876098
0.6727226975339708,0.008398081334562496,0.4,0.6263714141922497,0.030610221667223853
0.6818236714975845,0.0078757482316247,0.5,0.669987922705314,0.011692924057747236
0.7051320754716981,0.011318238714123742,0.6,0.6889056603773585,0.011311246880894863
0.7092555331991952,0.006588491852578299,0.7000000000000001,0.7125754527162977,0.006774475215936689
0.7188821752265862,0.01643142274907436,0.8,0.7102719033232627,0.01610964219009525
0.7293051359516617,0.0214669286517208,0.9,0.7492447129909364,0.018126888217522653
