ratio,run,cluster_acc,cluster_acc_train,best_C,depth
0.1,0,0.3008347245409015,0.33433734939759036,1.0,0
0.2,0,0.4083395942900075,0.44511278195488724,1.0,0
0.30000000000000004,0,0.43752683555173894,0.5040080160320641,1.0,0
0.4,0,0.5453179769654481,0.5548872180451128,10.0,0
0.5,0,0.5751201923076923,0.6073361395069152,1.0,0
0.6,0,0.6100676183320811,0.6292585170340681,1.0,0
0.7000000000000001,0,0.6376376376376376,0.6619415807560137,1.0,0
0.8,0,0.6696696696696697,0.6884629838406614,10.0,0
0.9,0,0.6636636636636637,0.7261189044756179,10.0,0
0.1,1,0.31352253756260434,0.286144578313253,1.0,0
0.2,1,0.4064613072877536,0.4075187969924812,0.1,0
0.30000000000000004,1,0.4826105624731645,0.4779559118236473,0.001,0
0.4,1,0.5438157235853781,0.5323308270676692,0.1,0
0.5,1,0.6069711538461539,0.5760673481659652,0.1,0
0.6,1,0.6438767843726522,0.6147294589178357,0.1,0
0.7000000000000001,1,0.6686686686686687,0.6580756013745704,0.1,0
0.8,1,0.6981981981981982,0.6989853438556933,1.0,0
0.9,1,0.6666666666666666,0.7321309285237141,1.0,0
0.1,2,0.3175292153589315,0.34036144578313254,0.1,0
0.2,2,0.39068369646882045,0.4195488721804511,0.1,0
0.30000000000000004,2,0.46071275225418634,0.503006012024048,0.001,0
0.4,2,0.5322984476715072,0.5736842105263158,0.1,0
0.5,2,0.5733173076923077,0.613349368610944,10.0,0
0.6,2,0.5980465815176559,0.6528056112224448,0.1,0
0.7000000000000001,2,0.6256256256256256,0.6902920962199313,0.1,0
0.8,2,0.6381381381381381,0.7125140924464487,1.0,0
0.9,2,0.6516516516516516,0.7317969271877087,0.1,0
0.1,3,0.33088480801335557,0.3373493975903614,1.0,0
0.2,3,0.4166040570999249,0.42105263157894735,0.1,0
0.30000000000000004,3,0.4843280377844568,0.48697394789579157,0.1,0
0.4,3,0.5388082123184778,0.5421052631578948,0.01,0
0.5,3,0.5823317307692307,0.571858087793145,0.01,0
0.6,3,0.6288504883546205,0.6162324649298597,1.0,0
0.7000000000000001,3,0.6606606606606606,0.6597938144329897,1.0,0
0.8,3,0.6981981981981982,0.6971063509958663,0.1,0
0.9,3,0.6996996996996997,0.7261189044756179,0.1,0
0.1,4,0.32120200333889815,0.35843373493975905,1.0,0
0.2,4,0.41021788129226144,0.3924812030075188,10.0,0
0.30000000000000004,4,0.501932159725204,0.4879759519038076,1.0,0
0.4,4,0.5613420130195292,0.5375939849624061,1.0,0
0.5,4,0.6075721153846154,0.5778713168971737,1.0,0
0.6,4,0.6438767843726522,0.6197394789579158,10.0,0
0.7000000000000001,4,0.6836836836836837,0.6542096219931272,1.0,0
0.8,4,0.7207207207207207,0.6877113866967306,1.0,0
0.9,4,0.7237237237237237,0.7254509018036072,0.1,0
0.1,5,0.32654424040066776,0.33433734939759036,1.0,0
0.2,5,0.39068369646882045,0.4030075187969925,1.0,0
0.30000000000000004,5,0.47015886646629457,0.46893787575150303,0.1,0
0.4,5,0.5212819228843265,0.5157894736842106,0.01,0
0.5,5,0.6039663461538461,0.5700541190619363,10.0,0
0.6,5,0.6326070623591284,0.6177354709418837,0.01,0
0.7000000000000001,5,0.6836836836836837,0.6602233676975945,1.0,0
0.8,5,0.6966966966966966,0.6989853438556933,10.0,0
0.9,5,0.7267267267267268,0.7261189044756179,0.1,0
0.1,6,0.34323873121869786,0.3072289156626506,10.0,0
0.2,6,0.4259954921111946,0.44661654135338347,0.01,0
0.30000000000000004,6,0.5040790038643195,0.5020040080160321,100.0,0
0.4,6,0.5438157235853781,0.5586466165413534,0.1,0
0.5,6,0.5877403846153846,0.6067348165965123,0.1,0
0.6,6,0.6213373403456048,0.6482965931863728,1.0,0
0.7000000000000001,6,0.6386386386386387,0.6804123711340206,0.1,0
0.8,6,0.6501501501501501,0.7113866967305524,1.0,0
0.9,6,0.6636636636636637,0.730126920507682,0.1,0
0.1,7,0.30150250417362273,0.3072289156626506,1.0,0
0.2,7,0.39631855747558226,0.35789473684210527,0.1,0
0.30000000000000004,7,0.46629454701588663,0.43587174348697394,1.0,0
0.4,7,0.5438157235853781,0.5218045112781955,1.0,0
0.5,7,0.5955528846153846,0.5682501503307276,1.0,0
0.6,7,0.6243425995492111,0.6212424849699398,1.0,0
0.7000000000000001,7,0.6646646646646647,0.6683848797250859,0.1,0
0.8,7,0.6996996996996997,0.6967305524239008,1.0,0
0.9,7,0.7057057057057057,0.7284569138276553,1.0,0
0.1,8,0.337228714524207,0.39457831325301207,1.0,0
0.2,8,0.41359879789631854,0.44360902255639095,1.0,0
0.30000000000000004,8,0.49849720910261913,0.49899799599198397,10.0,0
0.4,8,0.558337506259389,0.5473684210526316,0.1,0
0.5,8,0.5949519230769231,0.5923030667468431,100.0,0
0.6,8,0.6333583771600301,0.6307615230460922,0.1,0
0.7000000000000001,8,0.6676676676676677,0.6675257731958762,10.0,0
0.8,8,0.6801801801801802,0.6989853438556933,0.1,0
0.9,8,0.7117117117117117,0.7197728790915163,10.0,0
0.1,9,0.3081803005008347,0.33433734939759036,10.0,0
0.2,9,0.4087152516904583,0.38345864661654133,0.1,0
0.30000000000000004,9,0.4950622584800343,0.49498997995991983,1.0,0
0.4,9,0.542814221331998,0.5533834586466165,1.0,0
0.5,9,0.5931490384615384,0.5880938063740229,1.0,0
0.6,9,0.6378662659654395,0.6377755511022044,10.0,0
0.7000000000000001,9,0.6746746746746747,0.665807560137457,1.0,0
0.8,9,0.6981981981981982,0.6993611424276588,0.1,0
0.9,9,0.7237237237237237,0.729124916499666,10.0,0
0.1,0,0.4550918196994992,0.46686746987951805,1.0,1
0.2,0,0.5563486100676184,0.5789473684210527,1.0,1
0.30000000000000004,0,0.6062687848862173,0.6392785571142284,10.0,1
0.4,0,0.6374561842764146,0.6639097744360902,1.0,1
0.5,0,0.6550480769230769,0.6915213469633193,0.1,1
0.6,0,0.6836964688204358,0.7009018036072144,0.1,1
0.7000000000000001,0,0.7017017017017017,0.7147766323024055,1.0,1
0.8,0,0.7057057057057057,0.7252912438932732,1.0,1
0.9,0,0.6696696696696697,0.7458249832999332,0.1,1
0.1,1,0.4343906510851419,0.46987951807228917,1.0,1
0.2,1,0.5574755822689706,0.544360902255639,0.1,1
0.30000000000000004,1,0.6187204808930872,0.6022044088176353,0.1,1
0.4,1,0.6434651977966951,0.6518796992481203,0.001,1
0.5,1,0.6736778846153846,0.6758869512928443,10.0,1
0.6,1,0.7114951164537942,0.687374749498998,1.0,1
0.7000000000000001,1,0.7167167167167167,0.709192439862543,0.1,1
0.8,1,0.7237237237237237,0.73130402104472,0.01,1
0.9,1,0.6816816816816816,0.7498329993319973,1.0,1
0.1,2,0.4687813021702838,0.4608433734939759,0.1,1
0.2,2,0.5480841472577009,0.5804511278195489,1.0,1
0.30000000000000004,2,0.6075568913696866,0.6282565130260521,0.01,1
0.4,2,0.6434651977966951,0.6721804511278195,1.0,1
0.5,2,0.6580528846153846,0.6945279615153337,1.0,1
0.6,2,0.6679188580015026,0.7144288577154309,0.1,1
0.7000000000000001,2,0.6676676676676677,0.7353951890034365,1.0,1
0.8,2,0.6696696696696697,0.7455843667794062,0.1,1
0.9,2,0.6756756756756757,0.7511690046760187,10.0,1
0.1,3,0.45609348914858094,0.5060240963855421,1.0,1
0.2,3,0.5398196844477836,0.5684210526315789,0.01,1
0.30000000000000004,3,0.6174323744096178,0.624248496993988,1.0,1
0.4,3,0.6389584376564847,0.662406015037594,0.1,1
0.5,3,0.6844951923076923,0.6788935658448587,1.0,1
0.6,3,0.7002253944402704,0.7004008016032064,10.0,1
0.7000000000000001,3,0.7037037037037037,0.7229381443298969,0.1,1
0.8,3,0.7237237237237237,0.73130402104472,0.1,1
0.9,3,0.7267267267267268,0.7428189712758851,0.1,1
0.1,4,0.4617696160267112,0.46987951807228917,1.0,1
0.2,4,0.5480841472577009,0.5428571428571428,100.0,1
0.30000000000000004,4,0.6208673250322027,0.6112224448897795,1.0,1
0.4,4,0.6479719579369053,0.6593984962406015,100.0,1
0.5,4,0.6796875,0.6758869512928443,1.0,1
0.6,4,0.6927122464312547,0.6988977955911824,1.0,1
0.7000000000000001,4,0.7217217217217218,0.7143470790378007,0.1,1
0.8,4,0.7312312312312312,0.7234122510334461,1.0,1
0.9,4,0.7387387387387387,0.7424849699398798,1.0,1
0.1,5,0.46844741235392323,0.5,10.0,1
0.2,5,0.5435762584522915,0.5609022556390978,0.1,1
0.30000000000000004,5,0.5933877200515243,0.5921843687374749,0.01,1
0.4,5,0.6234351527290937,0.6421052631578947,0.01,1
0.5,5,0.6760817307692307,0.6686710763680096,1.0,1
0.6,5,0.6934635612321562,0.6843687374749499,0.1,1
0.7000000000000001,5,0.7297297297297297,0.7096219931271478,0.1,1
0.8,5,0.7387387387387387,0.7282976324689966,1.0,1
0.9,5,0.7567567567567568,0.7434869739478958,1.0,1
0.1,6,0.4691151919866444,0.5030120481927711,10.0,1
0.2,6,0.5507137490608565,0.6015037593984962,10.0,1
0.30000000000000004,6,0.6324602833834264,0.6212424849699398,1.0,1
0.4,6,0.6479719579369053,0.656390977443609,0.1,1
0.5,6,0.6688701923076923,0.6843054720384847,0.1,1
0.6,6,0.6897069872276483,0.7039078156312625,0.1,1
0.7000000000000001,6,0.7037037037037037,0.7233676975945017,0.1,1
0.8,6,0.6906906906906907,0.7384441939120632,10.0,1
0.9,6,0.7057057057057057,0.7478289913159653,1.0,1
0.1,7,0.45809682804674456,0.44879518072289154,1.0,1
0.2,7,0.5251690458302029,0.530827067669173,1.0,1
0.30000000000000004,7,0.6097037355088021,0.591182364729459,0.01,1
0.4,7,0.6519779669504256,0.6518796992481203,0.1,1
0.5,7,0.6862980769230769,0.6644618159951894,0.1,1
0.6,7,0.6942148760330579,0.7004008016032064,0.1,1
0.7000000000000001,7,0.6996996996996997,0.7212199312714777,1.0,1
0.8,7,0.7207207207207207,0.7301766253288238,1.0,1
0.9,7,0.7357357357357357,0.7444889779559118,1.0,1
0.1,8,0.47612687813021703,0.5301204819277109,100.0,1
0.2,8,0.5495867768595041,0.5849624060150376,10.0,1
0.30000000000000004,8,0.6122799484757406,0.6212424849699398,10.0,1
0.4,8,0.6549824737105658,0.6390977443609023,0.1,1
0.5,8,0.6929086538461539,0.6704750450992183,0.1,1
0.6,8,0.7024793388429752,0.6978957915831663,0.1,1
0.7000000000000001,8,0.7187187187187187,0.7152061855670103,1.0,1
0.8,8,0.7132132132132132,0.7335588124765126,0.1,1
0.9,8,0.7177177177177178,0.7408149632598531,0.1,1
0.1,9,0.4791318864774624,0.5120481927710844,1.0,1
0.2,9,0.5473328324567994,0.5684210526315789,1.0,1
0.30000000000000004,9,0.6109918419922714,0.6102204408817635,1.0,1
0.4,9,0.6434651977966951,0.6360902255639098,0.1,1
0.5,9,0.6905048076923077,0.6614552014431749,0.1,1
0.6,9,0.7054845980465815,0.6978957915831663,10.0,1
0.7000000000000001,9,0.7167167167167167,0.711340206185567,1.0,1
0.8,9,0.7327327327327328,0.7271702367531003,0.1,1
0.9,9,0.7477477477477478,0.7451569806279225,0.1,1
0.1,0,0.5071786310517529,0.6114457831325302,1.0,2
0.2,0,0.5879038317054845,0.6526315789473685,1.0,2
0.30000000000000004,0,0.6144267926148561,0.6803607214428857,1.0,2
0.4,0,0.6494742113169755,0.6909774436090226,1.0,2
0.5,0,0.6652644230769231,0.7071557426337943,0.1,2
0.6,0,0.6889556724267468,0.7159318637274549,0.1,2
0.7000000000000001,0,0.7057057057057057,0.718213058419244,0.1,2
0.8,0,0.7027027027027027,0.7267944381811349,0.1,2
0.9,0,0.6636636636636637,0.7461589846359385,0.1,2
0.1,1,0.4894824707846411,0.5240963855421686,1.0,2
0.2,1,0.585274229902329,0.6165413533834586,100.0,2
0.30000000000000004,1,0.6393301846285959,0.6222444889779559,0.1,2
0.4,1,0.6649974962443665,0.6609022556390978,0.01,2
0.5,1,0.6965144230769231,0.677690920024053,0.1,2
0.6,1,0.7250187828700225,0.6928857715430862,0.1,2
0.7000000000000001,1,0.7267267267267268,0.7139175257731959,1.0,2
0.8,1,0.7327327327327328,0.7316798196166855,0.1,2
0.9,1,0.6936936936936937,0.749498997995992,1.0,2
0.1,2,0.5275459098497496,0.5301204819277109,0.1,2
0.2,2,0.6055597295266717,0.6285714285714286,0.1,2
0.30000000000000004,2,0.6341777586947188,0.6482965931863728,0.01,2
0.4,2,0.6514772158237356,0.6857142857142857,10.0,2
0.5,2,0.6664663461538461,0.7071557426337943,1.0,2
0.6,2,0.67618332081142,0.7264529058116233,1.0,2
0.7000000000000001,2,0.6756756756756757,0.7396907216494846,10.0,2
0.8,2,0.6726726726726727,0.7452085682074409,0.1,2
0.9,2,0.6636636636636637,0.7488309953239813,0.1,2
0.1,3,0.5118530884808014,0.5753012048192772,0.1,2
0.2,3,0.581893313298272,0.6015037593984962,0.1,2
0.30000000000000004,3,0.6320309145556032,0.6513026052104208,10.0,2
0.4,3,0.657986980470706,0.6676691729323309,0.01,2
0.5,3,0.6959134615384616,0.6867107636800962,1.0,2
0.6,3,0.709992486851991,0.7094188376753507,1.0,2
0.7000000000000001,3,0.7117117117117117,0.7237972508591065,0.1,2
0.8,3,0.7237237237237237,0.7331830139045472,0.1,2
0.9,3,0.7237237237237237,0.7434869739478958,0.1,2
0.1,4,0.5015025041736227,0.5512048192771084,1.0,2
0.2,4,0.5781367392937641,0.5924812030075188,1.0,2
0.30000000000000004,4,0.6457707170459425,0.6352705410821643,1.0,2
0.4,4,0.6649974962443665,0.6729323308270677,1.0,2
0.5,4,0.6935096153846154,0.6885147324113049,1.0,2
0.6,4,0.7054845980465815,0.7034068136272545,0.1,2
0.7000000000000001,4,0.7167167167167167,0.7212199312714777,1.0,2
0.8,4,0.7312312312312312,0.73130402104472,10.0,2
0.9,4,0.7477477477477478,0.7438209752839011,0.01,2
0.1,5,0.5158597662771286,0.5903614457831325,10.0,2
0.2,5,0.5897821187077386,0.6105263157894737,0.1,2
0.30000000000000004,5,0.6148561614426793,0.6412825651302605,1.0,2
0.4,5,0.6409614421632449,0.6609022556390978,0.01,2
0.5,5,0.6796875,0.6819001803968732,0.1,2
0.6,5,0.7024793388429752,0.6953907815631263,1.0,2
0.7000000000000001,5,0.7307307307307307,0.7147766323024055,1.0,2
0.8,5,0.7417417417417418,0.7275460353250658,0.1,2
0.9,5,0.7477477477477478,0.7414829659318637,1.0,2
0.1,6,0.5425709515859767,0.6024096385542169,1.0,2
0.2,6,0.5864012021036814,0.6255639097744361,0.01,2
0.30000000000000004,6,0.6303134392443108,0.6723446893787575,1.0,2
0.4,6,0.6589884827240862,0.6924812030075188,1.0,2
0.5,6,0.6790865384615384,0.7125676488274203,1.0,2
0.6,6,0.69045830202855,0.7214428857715431,100.0,2
0.7000000000000001,6,0.7057057057057057,0.7345360824742269,10.0,2
0.8,6,0.6996996996996997,0.7403231867718902,0.1,2
0.9,6,0.7027027027027027,0.7491649966599866,1.0,2
0.1,7,0.5071786310517529,0.5391566265060241,0.1,2
0.2,7,0.5860255447032306,0.5684210526315789,0.01,2
0.30000000000000004,7,0.6376127093173035,0.6492985971943888,10.0,2
0.4,7,0.6675012518778167,0.6736842105263158,1.0,2
0.5,7,0.6899038461538461,0.6837041491280818,0.1,2
0.6,7,0.6919609316303531,0.7079158316633266,1.0,2
0.7000000000000001,7,0.7077077077077077,0.7199312714776632,0.1,2
0.8,7,0.7387387387387387,0.7298008267568583,0.1,2
0.9,7,0.7417417417417418,0.7454909819639278,1.0,2
0.1,8,0.5328881469115192,0.6054216867469879,1.0,2
0.2,8,0.5864012021036814,0.6285714285714286,1.0,2
0.30000000000000004,8,0.6427651352511807,0.6382765531062125,1.0,2
0.4,8,0.6780170255383074,0.6654135338345865,1.0,2
0.5,8,0.6983173076923077,0.6861094407696934,0.1,2
0.6,8,0.7054845980465815,0.7039078156312625,0.1,2
0.7000000000000001,8,0.7207207207207207,0.7147766323024055,0.1,2
0.8,8,0.7177177177177178,0.733934611048478,1.0,2
0.9,8,0.7297297297297297,0.7451569806279225,10.0,2
0.1,9,0.5332220367278798,0.608433734939759,1.0,2
0.2,9,0.5837716003005259,0.6135338345864662,0.1,2
0.30000000000000004,9,0.6397595534564191,0.6422845691382766,1.0,2
0.4,9,0.6680020030045067,0.6676691729323309,0.1,2
0.5,9,0.7019230769230769,0.6782922429344558,1.0,2
0.6,9,0.7129977460555973,0.7004008016032064,0.1,2
0.7000000000000001,9,0.7157157157157157,0.720360824742268,0.1,2
0.8,9,0.7207207207207207,0.733934611048478,10.0,2
0.9,9,0.7417417417417418,0.7441549766199065,0.1,2
