ratio,run,cluster_acc,cluster_acc_train,best_C,restart
0.1,0,0.25108514190317194,1.0,1000,0.1
0.2,0,0.29564237415477085,1.0,1000,0.1
0.30000000000000004,0,0.3928724774581365,1.0,1000,0.1
0.4,0,0.49474211316975464,1.0,1000,0.1
0.5,0,0.5745192307692307,1.0,1000,0.1
0.6,0,0.608564988730278,1.0,1000,0.1
0.7000000000000001,0,0.6346346346346347,1.0,1000,0.1
0.8,0,0.6606606606606606,1.0,1000,0.1
0.9,0,0.6666666666666666,1.0,1000,0.1
0.1,1,0.2991652754590985,1.0,1000,0.1
0.2,1,0.4015777610818933,1.0,1000,0.1
0.30000000000000004,1,0.5165306998711894,1.0,1000,0.1
0.4,1,0.5768652979469204,1.0,1000,0.1
0.5,1,0.6171875,1.0,1000,0.1
0.6,1,0.6386175807663411,1.0,1000,0.1
0.7000000000000001,1,0.6556556556556556,1.0,1000,0.1
0.8,1,0.6861861861861862,1.0,1000,0.1
0.9,1,0.6576576576576577,1.0,1000,0.1
0.1,2,0.27813021702838064,1.0,1000,0.1
0.2,2,0.34710743801652894,1.0,1000,0.1
0.30000000000000004,2,0.46243022756547875,1.0,1000,0.1
0.4,2,0.5162744116174262,1.0,1000,0.1
0.5,2,0.5600961538461539,1.0,1000,0.1
0.6,2,0.6070623591284748,1.0,1000,0.1
0.7000000000000001,2,0.6166166166166166,1.0,1000,0.1
0.8,2,0.6411411411411412,1.0,1000,0.1
0.9,2,0.6486486486486487,1.0,1000,0.1
0.1,3,0.2701168614357262,1.0,1000,0.1
0.2,3,0.40082644628099173,1.0,1000,0.1
0.30000000000000004,3,0.4967797337913267,1.0,1000,0.1
0.4,3,0.5448172258387581,1.0,1000,0.1
0.5,3,0.5955528846153846,1.0,1000,0.1
0.6,3,0.6123215627347859,1.0,1000,0.1
0.7000000000000001,3,0.6436436436436437,1.0,1000,0.1
0.8,3,0.6696696696696697,1.0,1000,0.1
0.9,3,0.6906906906906907,1.0,1000,0.1
0.1,4,0.2724540901502504,1.0,1000,0.1
0.2,4,0.38655146506386173,1.0,1000,0.1
0.30000000000000004,4,0.463718334048948,1.0,1000,0.1
0.4,4,0.5513269904857286,1.0,1000,0.1
0.5,4,0.5985576923076923,1.0,1000,0.1
0.6,4,0.6198347107438017,1.0,1000,0.1
0.7000000000000001,4,0.6646646646646647,1.0,1000,0.1
0.8,4,0.7027027027027027,1.0,1000,0.1
0.9,4,0.7057057057057057,1.0,1000,0.1
0.1,5,0.28514190317195326,1.0,1000,0.1
0.2,5,0.39782118707738545,1.0,1000,0.1
0.30000000000000004,5,0.44954916273078577,1.0,1000,0.1
0.4,5,0.5102653980971458,1.0,1000,0.1
0.5,5,0.5865384615384616,1.0,1000,0.1
0.6,5,0.6341096919609316,1.0,1000,0.1
0.7000000000000001,5,0.6726726726726727,1.0,1000,0.1
0.8,5,0.7027027027027027,1.0,1000,0.1
0.9,5,0.7267267267267268,1.0,1000,0.1
0.1,6,0.3606010016694491,1.0,1000,0.1
0.2,6,0.4120961682945154,1.0,1000,0.1
0.30000000000000004,6,0.48175182481751827,1.0,1000,0.1
0.4,6,0.5102653980971458,1.0,1000,0.1
0.5,6,0.5588942307692307,1.0,1000,0.1
0.6,6,0.5950413223140496,1.0,1000,0.1
0.7000000000000001,6,0.6306306306306306,1.0,1000,0.1
0.8,6,0.6486486486486487,1.0,1000,0.1
0.9,6,0.6576576576576577,1.0,1000,0.1
0.1,7,0.28781302170283807,1.0,1000,0.1
0.2,7,0.4049586776859504,1.0,1000,0.1
0.30000000000000004,7,0.48647488192357236,1.0,1000,0.1
0.4,7,0.5638457686529794,1.0,1000,0.1
0.5,7,0.6003605769230769,1.0,1000,0.1
0.6,7,0.6153268219383922,1.0,1000,0.1
0.7000000000000001,7,0.6396396396396397,1.0,1000,0.1
0.8,7,0.6771771771771772,1.0,1000,0.1
0.9,7,0.6906906906906907,1.0,1000,0.1
0.1,8,0.2631051752921536,1.0,1000,0.1
0.2,8,0.3794139744552968,1.0,1000,0.1
0.30000000000000004,8,0.49377415199656505,1.0,1000,0.1
0.4,8,0.5052578868302454,1.0,1000,0.1
0.5,8,0.6003605769230769,1.0,1000,0.1
0.6,8,0.6288504883546205,1.0,1000,0.1
0.7000000000000001,8,0.6586586586586587,1.0,1000,0.1
0.8,8,0.6771771771771772,1.0,1000,0.1
0.9,8,0.7177177177177178,1.0,1000,0.1
0.1,9,0.2707846410684474,1.0,1000,0.1
0.2,9,0.3910593538692712,1.0,1000,0.1
0.30000000000000004,9,0.46715328467153283,1.0,1000,0.1
0.4,9,0.5167751627441162,1.0,1000,0.1
0.5,9,0.5612980769230769,1.0,1000,0.1
0.6,9,0.6213373403456048,1.0,1000,0.1
0.7000000000000001,9,0.6586586586586587,1.0,1000,0.1
0.8,9,0.6846846846846847,1.0,1000,0.1
0.9,9,0.6906906906906907,1.0,1000,0.1
0.1,0,0.3382303839732888,1.0,1000,0.30000000000000004
0.2,0,0.43163035311795644,1.0,1000,0.30000000000000004
0.30000000000000004,0,0.5319879776728209,1.0,1000,0.30000000000000004
0.4,0,0.5873810716074112,1.0,1000,0.30000000000000004
0.5,0,0.6370192307692307,1.0,100,0.30000000000000004
0.6,0,0.667167543200601,1.0,1000,0.30000000000000004
0.7000000000000001,0,0.6836836836836837,1.0,1000,0.30000000000000004
0.8,0,0.7057057057057057,1.0,1000,0.30000000000000004
0.9,0,0.6786786786786787,1.0,1000,0.30000000000000004
0.1,1,0.4036727879799666,1.0,1000,0.30000000000000004
0.2,1,0.5184072126220887,1.0,1000,0.30000000000000004
0.30000000000000004,1,0.6097037355088021,1.0,1000,0.30000000000000004
0.4,1,0.6379569354031046,1.0,1000,0.30000000000000004
0.5,1,0.671875,1.0,100,0.30000000000000004
0.6,1,0.7039819684447783,1.0,1000,0.30000000000000004
0.7000000000000001,1,0.7107107107107107,1.0,100,0.30000000000000004
0.8,1,0.7207207207207207,1.0,1000,0.30000000000000004
0.9,1,0.6936936936936937,1.0,100,0.30000000000000004
0.1,2,0.3752921535893155,1.0,1000,0.30000000000000004
0.2,2,0.4868519909842224,1.0,1000,0.30000000000000004
0.30000000000000004,2,0.5886646629454702,1.0,1000,0.30000000000000004
0.4,2,0.6209313970956435,1.0,1000,0.30000000000000004
0.5,2,0.6412259615384616,1.0,1000,0.30000000000000004
0.6,2,0.6513899323816679,1.0,1000,0.30000000000000004
0.7000000000000001,2,0.6566566566566566,1.0,1000,0.30000000000000004
0.8,2,0.6741741741741741,1.0,1000,0.30000000000000004
0.9,2,0.6636636636636637,1.0,1000,0.30000000000000004
0.1,3,0.3736227045075125,1.0,1000,0.30000000000000004
0.2,3,0.5480841472577009,1.0,1000,0.30000000000000004
0.30000000000000004,3,0.5985401459854015,1.0,1000,0.30000000000000004
0.4,3,0.6379569354031046,1.0,1000,0.30000000000000004
0.5,3,0.6652644230769231,1.0,1000,0.30000000000000004
0.6,3,0.695717505634861,1.0,1000,0.30000000000000004
0.7000000000000001,3,0.6956956956956957,1.0,1000,0.30000000000000004
0.8,3,0.7147147147147147,1.0,100,0.30000000000000004
0.9,3,0.7207207207207207,1.0,100,0.30000000000000004
0.1,4,0.3676126878130217,1.0,1000,0.30000000000000004
0.2,4,0.4973703981968445,1.0,1000,0.30000000000000004
0.30000000000000004,4,0.5770717045942465,1.0,1000,0.30000000000000004
0.4,4,0.6369554331497246,1.0,1000,0.30000000000000004
0.5,4,0.6748798076923077,1.0,1000,0.30000000000000004
0.6,4,0.6919609316303531,1.0,1000,0.30000000000000004
0.7000000000000001,4,0.7117117117117117,1.0,1000,0.30000000000000004
0.8,4,0.7342342342342343,1.0,100,0.30000000000000004
0.9,4,0.7327327327327328,1.0,1000,0.30000000000000004
0.1,5,0.38363939899833055,1.0,1000,0.30000000000000004
0.2,5,0.5330578512396694,1.0,1000,0.30000000000000004
0.30000000000000004,5,0.5637612709317303,1.0,1000,0.30000000000000004
0.4,5,0.6089133700550826,1.0,1000,0.30000000000000004
0.5,5,0.6712740384615384,1.0,1000,0.30000000000000004
0.6,5,0.69045830202855,1.0,1000,0.30000000000000004
0.7000000000000001,5,0.7107107107107107,1.0,1000,0.30000000000000004
0.8,5,0.7222222222222222,1.0,1000,0.30000000000000004
0.9,5,0.7327327327327328,1.0,1000,0.30000000000000004
0.1,6,0.462771285475793,1.0,1000,0.30000000000000004
0.2,6,0.5424492862509391,1.0,1000,0.30000000000000004
0.30000000000000004,6,0.6015457277801631,1.0,1000,0.30000000000000004
0.4,6,0.6309464196294442,1.0,1000,0.30000000000000004
0.5,6,0.6532451923076923,1.0,1000,0.30000000000000004
0.6,6,0.6784372652141247,1.0,1000,0.30000000000000004
0.7000000000000001,6,0.6906906906906907,1.0,100,0.30000000000000004
0.8,6,0.6801801801801802,1.0,1000,0.30000000000000004
0.9,6,0.6816816816816816,1.0,100,0.30000000000000004
0.1,7,0.3919866444073456,1.0,1000,0.30000000000000004
0.2,7,0.5341848234410218,1.0,1000,0.30000000000000004
0.30000000000000004,7,0.6032632030914555,1.0,1000,0.30000000000000004
0.4,7,0.6459689534301453,1.0,1000,0.30000000000000004
0.5,7,0.6700721153846154,1.0,1000,0.30000000000000004
0.6,7,0.6769346356123216,1.0,1000,0.30000000000000004
0.7000000000000001,7,0.6896896896896897,1.0,1000,0.30000000000000004
0.8,7,0.7177177177177178,1.0,100,0.30000000000000004
0.9,7,0.7027027027027027,1.0,1000,0.30000000000000004
0.1,8,0.35091819699499166,1.0,1000,0.30000000000000004
0.2,8,0.4902329075882795,1.0,1000,0.30000000000000004
0.30000000000000004,8,0.579218548733362,1.0,1000,0.30000000000000004
0.4,8,0.614421632448673,1.0,1000,0.30000000000000004
0.5,8,0.6634615384615384,1.0,1000,0.30000000000000004
0.6,8,0.681442524417731,1.0,1000,0.30000000000000004
0.7000000000000001,8,0.7007007007007007,1.0,100,0.30000000000000004
0.8,8,0.7162162162162162,1.0,1000,0.30000000000000004
0.9,8,0.7207207207207207,1.0,1000,0.30000000000000004
0.1,9,0.38597662771285474,1.0,1000,0.30000000000000004
0.2,9,0.5154019534184824,1.0,1000,0.30000000000000004
0.30000000000000004,9,0.5766423357664233,1.0,1000,0.30000000000000004
0.4,9,0.6169253880821232,1.0,1000,0.30000000000000004
0.5,9,0.6694711538461539,1.0,1000,0.30000000000000004
0.6,9,0.6972201352366642,1.0,1000,0.30000000000000004
0.7000000000000001,9,0.7227227227227228,1.0,1000,0.30000000000000004
0.8,9,0.7312312312312312,1.0,1000,0.30000000000000004
0.9,9,0.7357357357357357,1.0,1000,0.30000000000000004
0.1,0,0.41936560934891487,1.0,1000,0.5000000000000001
0.2,0,0.5236664162283997,1.0,1000,0.5000000000000001
0.30000000000000004,0,0.5822241305281236,1.0,1000,0.5000000000000001
0.4,0,0.6434651977966951,1.0,10,0.5000000000000001
0.5,0,0.6586538461538461,1.0,10,0.5000000000000001
0.6,0,0.6806912096168295,1.0,10,0.5000000000000001
0.7000000000000001,0,0.6976976976976977,1.0,10,0.5000000000000001
0.8,0,0.7177177177177178,1.0,10,0.5000000000000001
0.9,0,0.6936936936936937,0.9993319973279893,10,0.5000000000000001
0.1,1,0.47779632721202003,1.0,1000,0.5000000000000001
0.2,1,0.5807663410969196,1.0,1000,0.5000000000000001
0.30000000000000004,1,0.6449119793902963,1.0,1000,0.5000000000000001
0.4,1,0.6539809714571858,1.0,10,0.5000000000000001
0.5,1,0.6832932692307693,1.0,10,0.5000000000000001
0.6,1,0.7114951164537942,1.0,10,0.5000000000000001
0.7000000000000001,1,0.7207207207207207,0.9991408934707904,10,0.5000000000000001
0.8,1,0.7267267267267268,0.9992484028560692,10,0.5000000000000001
0.9,1,0.7117117117117117,0.9993319973279893,10,0.5000000000000001
0.1,2,0.46110183639399,1.0,1000,0.5000000000000001
0.2,2,0.5679939894815927,1.0,1000,0.5000000000000001
0.30000000000000004,2,0.6260197509660799,1.0,1000,0.5000000000000001
0.4,2,0.6384576865297947,1.0,100,0.5000000000000001
0.5,2,0.6586538461538461,1.0,10,0.5000000000000001
0.6,2,0.6664162283996995,1.0,10,0.5000000000000001
0.7000000000000001,2,0.6736736736736737,0.9995704467353952,10,0.5000000000000001
0.8,2,0.6771771771771772,0.9996242014280345,10,0.5000000000000001
0.9,2,0.6696696696696697,0.9993319973279893,10,0.5000000000000001
0.1,3,0.4454090150250417,1.0,100,0.5000000000000001
0.2,3,0.5886551465063862,1.0,1000,0.5000000000000001
0.30000000000000004,3,0.6311721768999571,1.0,1000,0.5000000000000001
0.4,3,0.6554832248372559,1.0,10,0.5000000000000001
0.5,3,0.6838942307692307,1.0,100,0.5000000000000001
0.6,3,0.7069872276483846,1.0,10,0.5000000000000001
0.7000000000000001,3,0.7087087087087087,1.0,10,0.5000000000000001
0.8,3,0.7282282282282282,0.9996242014280345,10,0.5000000000000001
0.9,3,0.7357357357357357,0.9993319973279893,10,0.5000000000000001
0.1,4,0.45342237061769614,1.0,1000,0.5000000000000001
0.2,4,0.5612321562734786,1.0,100,0.5000000000000001
0.30000000000000004,4,0.6264491197939029,1.0,100,0.5000000000000001
0.4,4,0.6599899849774662,1.0,100,0.5000000000000001
0.5,4,0.6899038461538461,1.0,100,0.5000000000000001
0.6,4,0.7092411720510894,0.999498997995992,10,0.5000000000000001
0.7000000000000001,4,0.7207207207207207,0.9995704467353952,10,0.5000000000000001
0.8,4,0.7462462462462462,0.9992484028560692,10,0.5000000000000001
0.9,4,0.7507507507507507,0.998997995991984,10,0.5000000000000001
0.1,5,0.4998330550918197,1.0,1000,0.5000000000000001
0.2,5,0.5725018782870023,1.0,1000,0.5000000000000001
0.30000000000000004,5,0.6079862601975097,1.0,1000,0.5000000000000001
0.4,5,0.6374561842764146,1.0,100,0.5000000000000001
0.5,5,0.6802884615384616,1.0,100,0.5000000000000001
0.6,5,0.6972201352366642,1.0,100,0.5000000000000001
0.7000000000000001,5,0.7117117117117117,1.0,1000,0.5000000000000001
0.8,5,0.7312312312312312,0.9992484028560692,10,0.5000000000000001
0.9,5,0.7567567567567568,0.9993319973279893,10,0.5000000000000001
0.1,6,0.530550918196995,1.0,1000,0.5000000000000001
0.2,6,0.5927873779113448,1.0,1000,0.5000000000000001
0.30000000000000004,6,0.6389008158007728,1.0,1000,0.5000000000000001
0.4,6,0.6529794692038057,1.0,1000,0.5000000000000001
0.5,6,0.6706730769230769,1.0,100,0.5000000000000001
0.6,6,0.6874530428249437,1.0,100,0.5000000000000001
0.7000000000000001,6,0.7037037037037037,1.0,10,0.5000000000000001
0.8,6,0.6951951951951952,0.9992484028560692,10,0.5000000000000001
0.9,6,0.7057057057057057,0.9993319973279893,10,0.5000000000000001
0.1,7,0.47545909849749585,1.0,1000,0.5000000000000001
0.2,7,0.5845229151014275,1.0,1000,0.5000000000000001
0.30000000000000004,7,0.6294547015886647,1.0,1000,0.5000000000000001
0.4,7,0.658487731597396,1.0,100,0.5000000000000001
0.5,7,0.6754807692307693,1.0,1000,0.5000000000000001
0.6,7,0.6851990984222389,1.0,10,0.5000000000000001
0.7000000000000001,7,0.6996996996996997,1.0,10,0.5000000000000001
0.8,7,0.7252252252252253,1.0,10,0.5000000000000001
0.9,7,0.7147147147147147,0.9996659986639946,10,0.5000000000000001
0.1,8,0.4507512520868113,1.0,1000,0.5000000000000001
0.2,8,0.5544703230653644,1.0,1000,0.5000000000000001
0.30000000000000004,8,0.6230141691713181,1.0,1000,0.5000000000000001
0.4,8,0.6664997496244367,1.0,10,0.5000000000000001
0.5,8,0.6778846153846154,1.0,1000,0.5000000000000001
0.6,8,0.6844477836213373,1.0,1000,0.5000000000000001
0.7000000000000001,8,0.7157157157157157,0.9995704467353952,10,0.5000000000000001
0.8,8,0.7417417417417418,0.9992484028560692,10,0.5000000000000001
0.9,8,0.7387387387387387,0.9993319973279893,10,0.5000000000000001
0.1,9,0.4707846410684474,1.0,1000,0.5000000000000001
0.2,9,0.5770097670924117,1.0,1000,0.5000000000000001
0.30000000000000004,9,0.6247316444826105,1.0,1000,0.5000000000000001
0.4,9,0.656484727090636,1.0,1000,0.5000000000000001
0.5,9,0.6929086538461539,1.0,1000,0.5000000000000001
0.6,9,0.7084898572501879,1.0,100,0.5000000000000001
0.7000000000000001,9,0.7307307307307307,0.9991408934707904,10,0.5000000000000001
0.8,9,0.7402402402402403,0.9992484028560692,10,0.5000000000000001
0.9,9,0.7327327327327328,0.998997995991984,10,0.5000000000000001
0.1,0,0.4938230383973289,1.0,1000,0.7000000000000001
0.2,0,0.560480841472577,1.0,10,0.7000000000000001
0.30000000000000004,0,0.6264491197939029,1.0,1000,0.7000000000000001
0.4,0,0.6464697045568353,0.9969924812030075,10,0.7000000000000001
0.5,0,0.6670673076923077,0.9969933854479855,10,0.7000000000000001
0.6,0,0.6867017280240421,0.9964929859719439,10,0.7000000000000001
0.7000000000000001,0,0.7047047047047047,0.9944158075601375,10,0.7000000000000001
0.8,0,0.7222222222222222,0.9909808342728298,10,0.7000000000000001
0.9,0,0.6936936936936937,0.8780895123580494,1,0.7000000000000001
0.1,1,0.5352253756260434,1.0,100,0.7000000000000001
0.2,1,0.6126972201352366,1.0,1000,0.7000000000000001
0.30000000000000004,1,0.6586517818806354,0.998997995991984,10,0.7000000000000001
0.4,1,0.6735102653980971,0.9977443609022556,10,0.7000000000000001
0.5,1,0.6911057692307693,0.9079975947083584,1,0.7000000000000001
0.6,1,0.7205108940646131,0.9954909819639278,10,0.7000000000000001
0.7000000000000001,1,0.7187187187187187,0.8874570446735395,1,0.7000000000000001
0.8,1,0.7162162162162162,0.8812476512589252,1,0.7000000000000001
0.9,1,0.7147147147147147,0.9916499665998664,10,0.7000000000000001
0.1,2,0.5392320534223706,1.0,1000,0.7000000000000001
0.2,2,0.6033057851239669,1.0,10,0.7000000000000001
0.30000000000000004,2,0.6367539716616574,1.0,100,0.7000000000000001
0.4,2,0.6524787180771157,0.9984962406015038,10,0.7000000000000001
0.5,2,0.6586538461538461,0.9001803968731209,1,0.7000000000000001
0.6,2,0.6709241172051089,0.9964929859719439,10,0.7000000000000001
0.7000000000000001,2,0.6776776776776777,0.8943298969072165,1,0.7000000000000001
0.8,2,0.6726726726726727,0.9924840285606915,10,0.7000000000000001
0.9,2,0.6726726726726727,0.991315965263861,10,0.7000000000000001
0.1,3,0.5419031719532554,1.0,1000,0.7000000000000001
0.2,3,0.5987978963185575,1.0,100,0.7000000000000001
0.30000000000000004,3,0.6444826105624731,1.0,10,0.7000000000000001
0.4,3,0.6695042563845769,0.9977443609022556,10,0.7000000000000001
0.5,3,0.6887019230769231,0.8911605532170775,1,0.7000000000000001
0.6,3,0.7129977460555973,0.9949899799599199,10,0.7000000000000001
0.7000000000000001,3,0.7127127127127127,0.886168384879725,1,0.7000000000000001
0.8,3,0.7192192192192193,0.882750845546787,1,0.7000000000000001
0.9,3,0.7327327327327328,0.990313961255845,10,0.7000000000000001
0.1,4,0.5198664440734557,1.0,1000,0.7000000000000001
0.2,4,0.5901577761081893,1.0,100,0.7000000000000001
0.30000000000000004,4,0.6406182911120653,1.0,100,0.7000000000000001
0.4,4,0.6755132699048573,0.9992481203007518,10,0.7000000000000001
0.5,4,0.7037259615384616,0.9963920625375827,10,0.7000000000000001
0.6,4,0.7197595792637115,0.9934869739478958,10,0.7000000000000001
0.7000000000000001,4,0.7257257257257257,0.9914089347079038,10,0.7000000000000001
0.8,4,0.7507507507507507,0.8838782412626832,1,0.7000000000000001
0.9,4,0.7627627627627628,0.8807615230460922,1,0.7000000000000001
0.1,5,0.5325542570951586,1.0,1000,0.7000000000000001
0.2,5,0.6021788129226145,1.0,1000,0.7000000000000001
0.30000000000000004,5,0.6260197509660799,0.998997995991984,10,0.7000000000000001
0.4,5,0.6539809714571858,0.9984962406015038,10,0.7000000000000001
0.5,5,0.6862980769230769,0.9975947083583885,10,0.7000000000000001
0.6,5,0.7039819684447783,0.9954909819639278,10,0.7000000000000001
0.7000000000000001,5,0.7227227227227228,0.9948453608247423,10,0.7000000000000001
0.8,5,0.7312312312312312,0.9928598271326569,10,0.7000000000000001
0.9,5,0.7447447447447447,0.990313961255845,10,0.7000000000000001
0.1,6,0.5619365609348915,1.0,1000,0.7000000000000001
0.2,6,0.6078136739293765,1.0,100,0.7000000000000001
0.30000000000000004,6,0.643623872906827,1.0,1000,0.7000000000000001
0.4,6,0.6659989984977466,0.9992481203007518,10,0.7000000000000001
0.5,6,0.6850961538461539,0.9987973541791942,10,0.7000000000000001
0.6,6,0.6972201352366642,0.9964929859719439,10,0.7000000000000001
0.7000000000000001,6,0.7107107107107107,0.9948453608247423,10,0.7000000000000001
0.8,6,0.7027027027027027,0.992108229988726,10,0.7000000000000001
0.9,6,0.7147147147147147,0.9899799599198397,10,0.7000000000000001
0.1,7,0.5378964941569282,1.0,1000,0.7000000000000001
0.2,7,0.5999248685199099,1.0,1000,0.7000000000000001
0.30000000000000004,7,0.6401889222842422,1.0,100,0.7000000000000001
0.4,7,0.6700050075112669,0.9977443609022556,10,0.7000000000000001
0.5,7,0.6868990384615384,0.9975947083583885,10,0.7000000000000001
0.6,7,0.6919609316303531,0.9959919839679359,10,0.7000000000000001
0.7000000000000001,7,0.7077077077077077,0.9939862542955327,10,0.7000000000000001
0.8,7,0.7282282282282282,0.992108229988726,10,0.7000000000000001
0.9,7,0.7207207207207207,0.9906479625918504,10,0.7000000000000001
0.1,8,0.5315525876460768,1.0,1000,0.7000000000000001
0.2,8,0.5894064613072878,1.0,1000,0.7000000000000001
0.30000000000000004,8,0.6380420781451267,1.0,100,0.7000000000000001
0.4,8,0.6780170255383074,0.9992481203007518,10,0.7000000000000001
0.5,8,0.6911057692307693,0.9975947083583885,10,0.7000000000000001
0.6,8,0.7024793388429752,0.9949899799599199,10,0.7000000000000001
0.7000000000000001,8,0.7277277277277278,0.8960481099656358,1,0.7000000000000001
0.8,8,0.7252252252252253,0.8861330326944757,1,0.7000000000000001
0.9,8,0.7447447447447447,0.9906479625918504,10,0.7000000000000001
0.1,9,0.5011686143572621,1.0,100,0.7000000000000001
0.2,9,0.6078136739293765,1.0,1000,0.7000000000000001
0.30000000000000004,9,0.6389008158007728,1.0,1000,0.7000000000000001
0.4,9,0.6639959939909865,1.0,100,0.7000000000000001
0.5,9,0.703125,0.9975947083583885,10,0.7000000000000001
0.6,9,0.7137490608564989,0.8902805611222445,1,0.7000000000000001
0.7000000000000001,9,0.7307307307307307,0.9922680412371134,10,0.7000000000000001
0.8,9,0.7432432432432432,0.9906050357008643,10,0.7000000000000001
0.9,9,0.7327327327327328,0.9893119572478289,10,0.7000000000000001
0.1,0,0.5642737896494157,0.9939759036144579,10,0.9000000000000001
0.2,0,0.6081893313298272,0.9849624060150376,10,0.9000000000000001
0.30000000000000004,0,0.6311721768999571,0.8667334669338678,1,0.9000000000000001
0.4,0,0.6459689534301453,0.8548872180451128,1,0.9000000000000001
0.5,0,0.671875,0.9597113650030066,10,0.9000000000000001
0.6,0,0.6912096168294516,0.9504008016032064,10,0.9000000000000001
0.7000000000000001,0,0.7147147147147147,0.9424398625429553,10,0.9000000000000001
0.8,0,0.7342342342342343,0.9379932356257046,10,0.9000000000000001
0.9,0,0.6936936936936937,0.9331997327989312,10,0.9000000000000001
0.1,1,0.5766277128547579,0.9879518072289156,10,0.9000000000000001
0.2,1,0.6389932381667919,0.9924812030075187,10,0.9000000000000001
0.30000000000000004,1,0.6646629454701589,0.8496993987975952,1,0.9000000000000001
0.4,1,0.6790185277916875,0.8488721804511278,1,0.9000000000000001
0.5,1,0.7001201923076923,0.8454600120264583,1,0.9000000000000001
0.6,1,0.7280240420736288,0.9554108216432866,10,0.9000000000000001
0.7000000000000001,1,0.7317317317317318,0.9488831615120275,10,0.9000000000000001
0.8,1,0.7342342342342343,0.940999624201428,10,0.9000000000000001
0.9,1,0.7117117117117117,0.93687374749499,10,0.9000000000000001
0.1,2,0.5766277128547579,1.0,1000,0.9000000000000001
0.2,2,0.6243425995492111,0.9804511278195489,10,0.9000000000000001
0.30000000000000004,2,0.652211249463289,0.8577154308617234,1,0.9000000000000001
0.4,2,0.6634952428642964,0.8473684210526315,1,0.9000000000000001
0.5,2,0.6700721153846154,0.9615153337342153,10,0.9000000000000001
0.6,2,0.6806912096168295,0.9514028056112225,10,0.9000000000000001
0.7000000000000001,2,0.6876876876876877,0.9450171821305842,10,0.9000000000000001
0.8,2,0.6726726726726727,0.9413754227733935,10,0.9000000000000001
0.9,2,0.6786786786786787,0.9328657314629258,10,0.9000000000000001
0.1,3,0.5686143572621035,0.9939759036144579,10,0.9000000000000001
0.2,3,0.6104432757325319,0.8796992481203008,1,0.9000000000000001
0.30000000000000004,3,0.6556462000858738,0.8527054108216433,1,0.9000000000000001
0.4,3,0.6685027541311968,0.8488721804511278,1,0.9000000000000001
0.5,3,0.6917067307692307,0.8370414912808178,1,0.9000000000000001
0.6,3,0.7032306536438768,0.8371743486973948,1,0.9000000000000001
0.7000000000000001,3,0.7207207207207207,0.945446735395189,10,0.9000000000000001
0.8,3,0.7312312312312312,0.9353626456219466,10,0.9000000000000001
0.9,3,0.7447447447447447,0.9291917167668671,10,0.9000000000000001
0.1,4,0.5509181969949917,1.0,1000,0.9000000000000001
0.2,4,0.6153268219383922,0.9849624060150376,10,0.9000000000000001
0.30000000000000004,4,0.6573636753971661,0.9799599198396793,10,0.9000000000000001
0.4,4,0.6805207811717576,0.849624060150376,1,0.9000000000000001
0.5,4,0.7067307692307693,0.9621166566446182,10,0.9000000000000001
0.6,4,0.7220135236664162,0.9539078156312625,10,0.9000000000000001
0.7000000000000001,4,0.7397397397397397,0.9441580756013745,10,0.9000000000000001
0.8,4,0.7657657657657657,0.936490041337843,10,0.9000000000000001
0.9,4,0.7717717717717718,0.9291917167668671,10,0.9000000000000001
0.1,5,0.5612687813021703,1.0,100,0.9000000000000001
0.2,5,0.6168294515401953,0.9954887218045113,10,0.9000000000000001
0.30000000000000004,5,0.6389008158007728,0.9829659318637275,10,0.9000000000000001
0.4,5,0.6504757135703555,0.8428571428571429,1,0.9000000000000001
0.5,5,0.6905048076923077,0.9639206253758268,10,0.9000000000000001
0.6,5,0.7114951164537942,0.9574148296593187,10,0.9000000000000001
0.7000000000000001,5,0.7317317317317318,0.9493127147766323,10,0.9000000000000001
0.8,5,0.7372372372372372,0.9425028184892897,10,0.9000000000000001
0.9,5,0.7447447447447447,0.9345357381429525,10,0.9000000000000001
0.1,6,0.5799666110183639,0.9909638554216867,10,0.9000000000000001
0.2,6,0.6205860255447032,0.98796992481203,10,0.9000000000000001
0.30000000000000004,6,0.6440532417346501,1.0,1000,0.9000000000000001
0.4,6,0.6710065097646469,0.9759398496240601,10,0.9000000000000001
0.5,6,0.6941105769230769,0.963319302465424,10,0.9000000000000001
0.6,6,0.7077385424492862,0.9509018036072144,10,0.9000000000000001
0.7000000000000001,6,0.7167167167167167,0.9467353951890034,10,0.9000000000000001
0.8,6,0.7057057057057057,0.9402480270574972,10,0.9000000000000001
0.9,6,0.7177177177177178,0.9315297261189045,10,0.9000000000000001
0.1,7,0.5679465776293823,1.0,100,0.9000000000000001
0.2,7,0.6104432757325319,0.9864661654135338,10,0.9000000000000001
0.30000000000000004,7,0.6552168312580506,0.9859719438877755,10,0.9000000000000001
0.4,7,0.6760140210315473,0.9729323308270676,10,0.9000000000000001
0.5,7,0.6953125,0.9621166566446182,10,0.9000000000000001
0.6,7,0.6987227648384673,0.9539078156312625,10,0.9000000000000001
0.7000000000000001,7,0.7137137137137137,0.9441580756013745,10,0.9000000000000001
0.8,7,0.7417417417417418,0.9349868470499813,10,0.9000000000000001
0.9,7,0.7327327327327328,0.9315297261189045,10,0.9000000000000001
0.1,8,0.5602671118530885,1.0,10,0.9000000000000001
0.2,8,0.6033057851239669,0.9924812030075187,10,0.9000000000000001
0.30000000000000004,8,0.6474881923572349,0.9839679358717435,10,0.9000000000000001
0.4,8,0.6830245368052078,0.9706766917293234,10,0.9000000000000001
0.5,8,0.6971153846153846,0.9585087191822008,10,0.9000000000000001
0.6,8,0.7114951164537942,0.9514028056112225,10,0.9000000000000001
0.7000000000000001,8,0.7277277277277278,0.9424398625429553,10,0.9000000000000001
0.8,8,0.7492492492492493,0.9357384441939121,10,0.9000000000000001
0.9,8,0.7507507507507507,0.9318637274549099,10,0.9000000000000001
0.1,9,0.5839732888146911,1.0,100,0.9000000000000001
0.2,9,0.6232156273478587,1.0,100,0.9000000000000001
0.30000000000000004,9,0.6509231429798197,0.9809619238476954,10,0.9000000000000001
0.4,9,0.6725087631447171,0.9661654135338346,10,0.9000000000000001
0.5,9,0.7097355769230769,0.952495490078172,10,0.9000000000000001
0.6,9,0.7235161532682194,0.9468937875751503,10,0.9000000000000001
0.7000000000000001,9,0.7357357357357357,0.9398625429553265,10,0.9000000000000001
0.8,9,0.7447447447447447,0.9316046599022924,10,0.9000000000000001
0.9,9,0.7387387387387387,0.9288577154308617,10,0.9000000000000001
